166.542381307482,313.199105145414,40
536.912751677852,206.313696246582,40
698.483718617947,14.9142431021626,20
723.340790454884,124.285359184688,20
877.454635843898,0,20
914.740243599304,743.226447924435,40
929.654486701467,260.999254287845,40
974.397216007954,735.769326373353,40
999.254287844892,405.170270942083,40
1414.36738752175,275.913497390007,40
1481.48148148148,380.313199105145,40
1565.99552572707,509.569972657221,40
1725.08078548347,131.742480735769,40
1826.99478001491,121.799652000994,20
1901.56599552573,922.197365150385,40
1948.79443201591,666.169525229928,60
2085.50832711907,308.227690778026,40
2100.42257022123,19.8856574695501,40
2110.365398956,768.083519761372,40
2127.76534924186,780.512055679841,40
2132.73676360925,84.5140442455879,20
2242.10787969177,54.6855580412627,20
22.3713646532438,581.65548098434,60
52.199850857569,362.913248819289,40
86.9997514292816,879.940343027591,60
253.542132736764,447.427293064877,40
256.027839920457,1073.8255033557,40
256.027839920457,1066.36838180462,40
260.999254287845,1056.42555306985,60
315.684812329108,1222.96793437733,60
454.884414615958,263.484961471539,60
497.141436738752,139.199602286851,60
599.055431270196,99.4282873477504,60
733.283619189659,795.426298782004,60
770.569226945066,1034.0541884166,60
770.569226945066,1051.45413870246,60
775.540641312453,576.684066616953,60
797.912005965697,546.855580412627,60
877.454635843898,507.084265473527,60
899.826000497141,715.883668903803,40
912.25453641561,1262.73924931643,60
1302.51056425553,807.854834700472,40
1474.0243599304,141.685309470544,80
1516.28138205319,574.198359433259,40
1526.22421078797,691.026597066866,60
1533.68133233905,454.884414615958,60
1546.10986825752,517.027094208302,40
1553.5669898086,420.084514044246,40
1580.90976882923,198.856574695501,40
1585.88118319662,787.969177230922,60
1610.73825503356,1235.3964702958,60
1697.73800646284,472.284364901815,60
1722.59507829978,477.255779269202,60
1792.1948794432,437.484464330102,60
1859.30897340293,1091.22545364156,40
1881.68033805618,616.455381556053,40
1889.13745960726,54.6855580412627,40
1933.88018891375,519.512801391996,40
1966.19438230176,64.6283867760378,60
2025.85135471042,166.542381307482,60
2038.27989062888,512.055679840915,40
2045.73701217997,820.283370618941,60
2048.22271936366,616.455381556053,60
2050.70842654735,1287.59632115337,60
2078.05120556798,203.827989062888,60
2165.05095699727,526.969922943077,60
2237.13646532438,1265.22495650012,80
2286.85060899826,643.798160576684,40
2403.67884663187,564.255530698484,40
2475.76435495899,308.227690778026,40
12.4285359184688,1148.39671886652,60
139.199602286851,526.969922943077,80
183.942331593338,223.713646532438,60
183.942331593338,243.599304001989,80
268.456375838926,1108.62540392742,60
355.456127268208,193.885160328113,60
370.37037037037,1511.30996768581,80
444.941585881183,994.282873477504,80
477.255779269202,385.284613472533,80
524.484215759384,377.827491921452,80
626.398210290828,2070.5940840169,80
656.226696495153,763.112105393985,80
713.397961720109,1016.65423813075,60
850.111856823266,1889.13745960726,80
922.197365150385,1983.59433258762,80
954.511558538404,1782.25205070843,80
1039.02560278399,1777.28063634104,80
1043.99701715138,2040.76559781258,80
1148.39671886652,1227.93934874472,60
1170.76808351976,1638.08103405419,80
1180.71091225454,1034.0541884166,60
1208.05369127517,1503.85284613473,80
1232.91076311211,1610.73825503356,80
1409.39597315436,1618.19537658464,80
1434.2530449913,362.913248819289,60
1486.45289584887,146.656723837932,80
1717.62366393239,59.6569724086503,80
1784.73775789212,1086.25403927417,60
1826.99478001491,1797.16629381059,80
1839.42331593338,541.88416604524,60
1933.88018891375,1185.68232662192,80
1993.5371613224,439.970171513796,80
2003.47999005717,1966.19438230176,80
2015.90852597564,1976.13721103654,80
2058.16554809843,825.254784986329,60
2073.0797912006,1056.42555306985,60
2085.50832711907,1101.16828237634,80
2102.90827740492,2095.45115585384,80
2117.82252050708,2090.47974148645,80
2219.73651503853,469.798657718121,60
2269.4506587124,221.227939348745,80
2294.30773054934,1493.91001739995,80
2314.19338801889,1257.76783494904,80
2361.42182450907,1160.82525478499,60
2411.13596818295,1593.3383047477,80
2440.96445438727,417.598806860552,60
2458.36440467313,929.654486701467,80
67.1140939597315,683.569475515784,100
144.171016654238,541.88416604524,80
183.942331593338,454.884414615958,100
223.713646532438,1076.3112105394,80
305.741983594333,462.34153616704,100
380.313199105145,1123.53964702958,80
405.170270942083,1585.88118319662,100
415.113099676858,1931.39448173005,80
449.913000248571,1203.08227690778,80
467.312950534427,462.34153616704,100
482.22719363659,1824.50907283122,80
484.712900820283,1826.99478001491,80
554.312701963709,171.513795674869,100
596.569724086503,1645.53815560527,80
710.912254536416,17.3999502858563,100
723.340790454884,628.883917474521,80
852.59756400696,2418.59308973403,100
897.340293313448,1213.02510564256,100
912.25453641561,1859.30897340293,80
952.02585135471,633.855331841909,80
969.425801640567,768.083519761372,80
969.425801640567,1165.79666915237,80
1009.19711657967,1531.19562515536,80
1021.62565249814,2361.42182450907,100
1051.45413870246,246.085011185682,100
1088.73974645787,1854.33755903555,80
1106.13969674372,1399.45314441959,100
1145.91101168282,2299.27914491673,80
1148.39671886652,1053.93984588615,100
1155.8538404176,144.171016654238,80
1178.22520507084,1899.08028834203,80
1185.68232662192,1874.2232165051,100
1208.05369127517,1943.82301764852,100
1208.05369127517,1041.51130996769,80
1227.93934874472,1307.48197862292,80
1230.42505592841,1295.05344270445,80
1240.36788466319,1931.39448173005,100
1270.19637086751,1692.76659209545,80
1270.19637086751,1871.7375093214,100
1344.76758637832,606.512552821278,80
1372.11036539896,1926.42306736266,100
1404.42455878698,2383.79318916232,100
1421.82450907283,2378.82177479493,80
1466.56723837932,790.454884414616,80
1506.33855331842,1593.3383047477,80
1578.42406164554,1108.62540392742,100
1585.88118319662,1836.93760874969,80
1623.16679095203,1232.91076311211,80
1628.13820531941,218.742232165051,100
1707.68083519761,350.48471290082,80
1705.19512801392,1966.19438230176,100
1772.30922197365,1265.22495650012,80
1879.19463087248,131.742480735769,100
1884.16604523987,536.912751677852,80
1891.62316679095,1200.59656972409,100
1891.62316679095,792.94059159831,100
1906.53740989311,723.340790454884,100
1953.7658463833,1421.82450907283,100
1966.19438230176,2214.76510067114,100
2073.0797912006,4.97141436738752,100
2122.79393487447,1329.85334327616,100
2130.25105642555,1235.3964702958,80
2137.70817797663,1324.88192890877,100
2174.99378573204,2085.50832711907,100
2244.59358687547,1414.36738752175,100
2348.9932885906,1531.19562515536,100
2371.36465324385,1083.76833209048,100
2411.13596818295,1101.16828237634,100
333.084762614964,101.913994531444,100
395.227442207308,710.912254536416,120
427.541635595327,1411.88168033806,100
457.370121799652,2112.8511061397,120
594.084016902809,805.369127516779,100
678.598061148397,1645.53815560527,120
686.055182699478,146.656723837932,120
713.397961720109,984.340044742729,100
730.797912005966,1456.62440964454,100
775.540641312453,248.570718369376,100
807.854834700472,909.768829231916,120
810.340541884166,2239.62217250808,100
815.311956251554,2237.13646532438,100
879.940343027591,1782.25205070843,120
959.482972905792,208.799403430276,120
994.282873477504,1272.68207805121,120
1160.82525478499,2184.93661446682,100
1165.79666915237,1237.88217747949,100
1252.79642058166,1086.25403927417,100
1285.11061396967,1996.02286850609,100
1424.31021625653,894.854586129754,100
1436.73875217499,1130.99676858066,100
1578.42406164554,1667.90952025851,100
1580.90976882923,1921.45165299528,120
1603.28113348248,208.799403430276,100
1610.73825503356,221.227939348745,100
1643.05244842158,2219.73651503853,120
1665.42381307482,469.798657718121,120
1672.8809346259,1797.16629381059,100
1722.59507829978,1265.22495650012,120
1747.45215013671,2147.65100671141,120
1787.22346507581,800.397713149391,120
1822.02336564753,77.0569226945066,100
1831.9661943823,700.969425801641,120
1859.30897340293,84.5140442455879,100
1879.19463087248,2341.53616703952,120
1913.9945314442,1043.99701715138,120
2070.5940840169,1170.76808351976,120
2137.70817797663,1732.53790703455,120
2261.99353716132,2097.93686303753,100
2319.16480238628,1088.73974645787,100
2351.4789957743,1173.25379070346,120
2353.96470295799,2150.1367138951,120
2401.19313944817,2085.50832711907,100
2.48570718369376,1667.90952025851,120
9.94282873477504,1657.96669152374,120
233.656475267214,1391.99602286851,120
278.399204573701,1486.45289584887,140
300.770569226945,193.885160328113,120
328.113348247576,1874.2232165051,140
350.48471290082,1866.76609495401,140
367.884663186677,2048.22271936366,120
415.113099676858,1782.25205070843,120
489.684315187671,2194.87944320159,140
492.170022371365,1844.39473030077,120
499.627143922446,1332.33905045986,120
566.741237882178,1076.3112105394,120
581.65548098434,1563.50981854338,120
594.084016902809,0,120
691.026597066866,178.970917225951,120
695.998011434253,2306.73626646781,120
703.455132985334,879.940343027591,140
723.340790454884,2314.19338801889,160
723.340790454884,1451.65299527716,120
745.712155108128,1056.42555306985,140
830.226199353716,116.828237633607,120
922.197365150385,949.540144171017,120
929.654486701467,944.568729803629,140
969.425801640567,1665.42381307482,120
976.882923191648,2130.25105642555,120
981.854337559036,2135.22247079294,120
1071.33979617201,1578.42406164554,120
1133.48247576436,1270.19637086751,120
1225.45364156102,2167.53666418096,120
1235.3964702958,1145.91101168282,120
1235.3964702958,1464.08153119563,120
1265.22495650012,161.570966940094,140
1267.71066368382,924.683072334079,120
1275.1677852349,1580.90976882923,120
1280.13919960229,2165.05095699727,140
1285.11061396967,330.59905543127,140
1374.59607258265,1640.56674123788,140
1384.53890131742,1359.68182948049,140
1399.45314441959,2199.85085756898,140
1411.88168033806,1749.93785732041,120
1414.36738752175,1195.6251553567,120
1461.59582401193,2194.87944320159,120
1498.88143176734,914.740243599304,120
1536.16703952274,2232.165050957,120
1548.59557544121,780.512055679841,160
1573.45264727815,370.37037037037,140
1598.30971911509,1752.4235645041,120
1613.22396221725,1369.62465821526,120
1650.50956997266,1717.62366393239,120
1757.39497887149,1262.73924931643,120
1784.73775789212,589.112602535421,120
1789.70917225951,589.112602535421,120
1866.76609495401,1615.70966940094,120
1879.19463087248,2060.65125528213,120
1881.68033805618,372.856077554064,120
1909.02311707681,1029.08277404922,140
1918.96594581158,1909.02311707681,140
1921.45165299528,385.284613472533,120
1926.42306736266,387.770320656227,140
1938.85160328113,1605.76684066617,120
1971.16579666915,211.28511061397,140
1983.59433258762,1354.7104151131,120
1991.0514541387,1414.36738752175,120
1991.0514541387,1394.4817300522,120
2005.96569724086,1404.42455878698,120
2018.39423315933,1595.82401193139,140
2068.10837683321,2013.42281879195,120
2070.5940840169,1958.73726075068,120
2182.45090728312,1101.16828237634,140
2212.27939348745,1961.22296793438,120
2227.19363658961,1600.79542629878,120
2237.13646532438,2266.96495152871,120
2331.59333830475,283.370618941089,120
2411.13596818295,1118.56823266219,120
2411.13596818295,1108.62540392742,120
2421.07879691772,1295.05344270445,120
2435.99304001989,897.340293313448,140
2448.42157593835,633.855331841909,120
2473.27864777529,758.140691026597,120
9.94282873477504,730.797912005966,160
111.856823266219,1769.82351478996,140
181.456624409645,1250.31071339796,140
206.313696246582,1518.76708923689,160
265.970668655232,909.768829231916,160
308.227690778026,193.885160328113,140
310.71339796172,2137.70817797663,140
320.656226696495,1173.25379070346,140
375.341784737758,2048.22271936366,140
487.198608003977,952.02585135471,140
524.484215759384,852.59756400696,160
554.312701963709,2092.96544867015,140
574.198359433259,1071.33979617201,140
601.54113845389,1593.3383047477,140
663.683818046234,1342.28187919463,140
663.683818046234,151.628138205319,160
691.026597066866,141.685309470544,140
698.483718617947,178.970917225951,140
703.455132985334,2306.73626646781,140
743.226447924435,2416.10738255034,160
778.026348496147,139.199602286851,140
812.82624906786,907.283122048223,140
837.683320904797,111.856823266219,140
877.454635843898,2212.27939348745,160
894.854586129754,2055.67984091474,160
942.083022619935,939.597315436242,140
949.540144171017,1685.30947054437,140
976.882923191648,1662.93810589113,140
986.825751926423,2127.76534924186,160
994.282873477504,1483.96718866518,140
991.797166293811,1421.82450907283,160
1031.56848123291,1660.45239870743,160
1039.02560278399,1971.16579666915,160
1106.13969674372,2227.19363658961,160
1140.93959731544,1270.19637086751,140
1153.36813323391,1048.96843151877,140
1193.13944817301,1871.7375093214,140
1213.02510564256,325.627641063883,140
1235.3964702958,2167.53666418096,140
1242.85359184688,1143.42530449913,140
1245.33929903057,1464.08153119563,140
1255.28212776535,1488.93860303256,140
1272.68207805121,668.655232413622,140
1354.7104151131,2413.62167536664,140
1421.82450907283,1198.11086254039,180
1456.62440964454,1966.19438230176,140
1461.59582401193,981.854337559036,160
1469.05294556301,2194.87944320159,140
1483.96718866518,1665.42381307482,140
1513.7956748695,2140.19388516033,140
1518.76708923689,815.311956251554,140
1518.76708923689,822.769077802635,140
1523.73850360428,397.713149391002,140
1531.19562515536,1976.13721103654,140
1531.19562515536,2455.87869748944,160
1570.96694009446,529.455630126771,140
1603.28113348248,1752.4235645041,140
1620.68108376833,1372.11036539896,140
1633.1096196868,1904.05170270942,140
1650.50956997266,2266.96495152871,160
1657.96669152374,1720.10937111608,140
1692.76659209545,283.370618941089,140
1702.70942083023,1041.51130996769,140
1715.13795674869,1730.05219985086,140
1730.05219985086,156.599552572707,140
1732.53790703455,2403.67884663187,140
1747.45215013671,2023.36564752672,140
1754.9092716878,1998.50857568978,160
1764.85210042257,2289.33631618195,140
1797.16629381059,589.112602535421,140
1886.65175242356,2060.65125528213,140
1943.82301764852,417.598806860552,160
1943.82301764852,956.997265722098,160
1943.82301764852,1608.25254784986,140
1951.2801391996,420.084514044246,140
1966.19438230176,991.797166293811,140
1993.5371613224,1354.7104151131,140
1998.50857568978,1394.4817300522,140
2010.93711160825,1404.42455878698,140
2013.42281879195,101.913994531444,160
2070.5940840169,191.39945314442,140
2073.0797912006,2013.42281879195,140
2080.53691275168,1958.73726075068,140
2140.19388516033,1295.05344270445,140
2165.05095699727,1180.71091225454,140
2172.50807854835,1168.28237633607,140
2197.36515038528,1971.16579666915,140
2219.73651503853,1961.22296793438,140
2239.62217250808,2127.76534924186,140
2259.50782997763,1426.79592344022,140
2321.65050956997,1864.28038777032,140
2356.45041014169,1322.39622172508,140
2358.93611732538,1173.25379070346,140
2393.73601789709,1446.68158090977,160
2418.59308973403,1118.56823266219,140
2428.5359184688,1292.56773552076,140
2480.73576932637,758.140691026597,140
12.4285359184688,1270.19637086751,180
47.2284364901815,1804.62341536167,160
62.142679592344,1026.59706686552,160
104.399701715138,1767.33780760626,160
134.228187919463,681.08376833209,160
186.428038777032,464.827243350733,180
238.627889634601,949.540144171017,160
258.513547104151,718.369376087497,180
258.513547104151,710.912254536416,160
268.456375838926,974.397216007954,160
308.227690778026,2127.76534924186,160
310.71339796172,1255.28212776535,180
447.427293064877,1352.22470792941,180
459.855828983346,1118.56823266219,160
484.712900820283,2192.3937360179,160
529.455630126771,206.313696246582,160
549.341287596321,2092.96544867015,160
551.826994780015,594.084016902809,160
561.76982351479,2229.6793437733,160
569.226945065871,2234.65075814069,160
616.455381556053,887.397464578673,160
638.826746209297,134.228187919463,160
658.712403678847,1342.28187919463,160
668.655232413622,166.542381307482,160
681.08376833209,1774.79492915735,160
735.769326373353,482.22719363659,160
773.05493412876,139.199602286851,160
942.083022619935,1682.82376336068,160
974.397216007954,914.740243599304,180
979.368630375342,62.142679592344,180
974.397216007954,1856.82326621924,160
976.882923191648,1608.25254784986,160
1019.13994531444,2433.50733283619,160
1019.13994531444,1953.7658463833,160
1029.08277404922,2184.93661446682,160
1053.93984588615,1906.53740989311,180
1247.82500621427,1488.93860303256,160
1250.31071339796,2192.3937360179,160
1295.05344270445,2378.82177479493,160
1314.939100174,2448.42157593835,160
1332.33905045986,2259.50782997763,160
1334.82475764355,1814.56624409645,160
1446.68158090977,188.913745960726,180
1456.62440964454,2212.27939348745,180
1476.51006711409,1665.42381307482,160
1483.96718866518,1672.8809346259,160
1493.91001739995,2366.39323887646,180
1503.85284613473,2140.19388516033,160
1511.30996768581,815.311956251554,160
1516.28138205319,397.713149391002,160
1523.73850360428,1976.13721103654,160
1561.02411135968,524.484215759384,160
1598.30971911509,492.170022371365,160
1613.22396221725,1963.70867511807,180
1613.22396221725,574.198359433259,160
1625.65249813572,2309.2219736515,160
1685.30947054437,280.884911757395,160
1695.25229927915,1039.02560278399,160
1717.62366393239,1004.22570221228,180
1715.13795674869,991.797166293811,180
1722.59507829978,154.113845389013,160
1737.50932140194,2008.45140442456,160
1759.88068605518,390.25602783992,160
1799.65200099428,2421.07879691772,160
1841.90902311708,2418.59308973403,180
1901.56599552573,1026.59706686552,160
1911.5088242605,1041.51130996769,160
1911.5088242605,52.199850857569,160
1928.90877454636,628.883917474521,160
1931.39448173005,715.883668903803,160
2020.87994034303,531.941337310465,160
2063.13696246582,188.913745960726,160
2075.56549838429,208.799403430276,160
2102.90827740492,454.884414615958,160
2147.65100671141,1024.11135968183,180
2152.6224210788,1836.93760874969,160
2165.05095699727,1165.79666915237,160
2170.02237136465,1215.51081282625,160
2232.165050957,2127.76534924186,160
2252.05070842655,1426.79592344022,160
2311.7076808352,2018.39423315933,180
2316.67909520259,1861.79468058663,160
2358.93611732538,1071.33979617201,160
2391.2503107134,1066.36838180462,160
2421.07879691772,1297.53914988814,160
2421.07879691772,1292.56773552076,160
173.999502858563,840.169028088491,180
176.485210042257,835.197613721104,180
201.342281879195,1123.53964702958,180
243.599304001989,405.170270942083,180
246.085011185682,949.540144171017,180
270.94208302262,710.912254536416,180
300.770569226945,1339.79617201094,180
300.770569226945,1774.79492915735,200
308.227690778026,2092.96544867015,180
313.199105145414,1309.96768580661,180
338.056176982351,723.340790454884,200
397.713149391002,623.912503107134,200
531.941337310465,2018.39423315933,180
536.912751677852,203.827989062888,180
546.855580412627,1543.62416107383,200
569.226945065871,1804.62341536167,200
569.226945065871,877.454635843898,180
623.912503107134,887.397464578673,180
646.283867760378,136.713895103157,180
671.140939597315,154.113845389013,180
688.540889883172,1774.79492915735,180
703.455132985334,519.512801391996,200
743.226447924435,37.2856077554064,180
743.226447924435,482.22719363659,180
745.712155108128,474.770072085508,180
748.197862291822,2416.10738255034,180
850.111856823266,541.88416604524,200
892.36887894606,1896.59458115834,200
942.083022619935,1889.13745960726,180
947.054436987323,2177.47949291573,180
986.825751926423,1608.25254784986,180
999.254287844892,1424.31021625653,180
1009.19711657967,1536.16703952274,200
1026.59706686552,2433.50733283619,180
1029.08277404922,1953.7658463833,180
1036.5398956003,1657.96669152374,180
1051.45413870246,1963.70867511807,180
1068.85408898832,934.625901068854,200
1106.13969674372,1145.91101168282,180
1113.5968182948,2227.19363658961,180
1123.53964702958,19.8856574695501,180
1128.51106139697,82.0283370618941,180
1165.79666915237,420.084514044246,180
1168.28237633607,1782.25205070843,180
1178.22520507084,1884.16604523987,200
1190.65374098931,1819.53765846383,180
1203.08227690778,902.311707680835,180
1255.28212776535,579.169773800646,180
1260.25354213274,2189.9080288342,180
1287.59632115337,211.28511061397,200
1319.91051454139,544.369873228934,200
1327.36763609247,556.798409147402,200
1349.73900074571,1416.85309470544,180
1354.7104151131,104.399701715138,180
1449.16728809346,1039.02560278399,180
1498.88143176734,1208.05369127517,200
1501.36713895103,1839.42331593338,180
1511.30996768581,2140.19388516033,180
1523.73850360428,213.770817797663,180
1536.16703952274,1372.11036539896,180
1553.5669898086,546.855580412627,180
1553.5669898086,417.598806860552,180
1565.99552572707,1118.56823266219,200
1608.25254784986,494.655729555058,180
1620.68108376833,574.198359433259,180
1630.62391250311,2306.73626646781,180
1660.45239870743,1727.56649266716,200
1697.73800646284,1787.22346507581,180
1720.10937111608,1789.70917225951,200
1744.96644295302,2008.45140442456,180
1759.88068605518,1998.50857568978,180
1764.85210042257,392.741735023614,180
1799.65200099428,159.085259756401,200
1809.59482972906,1138.45389013174,200
1809.59482972906,745.712155108128,200
1829.48048719861,556.798409147402,200
1879.19463087248,514.541387024609,200
1884.16604523987,1593.3383047477,180
1891.62316679095,2286.85060899826,200
1936.36589609744,631.369624658215,180
1946.30872483221,1730.05219985086,200
1956.25155356699,1227.93934874472,200
1978.62291822023,536.912751677852,180
1991.0514541387,534.427044494159,200
2073.0797912006,929.654486701467,200
2110.365398956,459.855828983346,180
2145.16529952772,867.511807109123,200
2150.1367138951,626.398210290828,200
2177.47949291573,1217.99652000994,180
2189.9080288342,770.569226945066,180
2239.62217250808,586.626895351728,200
2296.79343773304,934.625901068854,200
2301.76485210042,1705.19512801392,200
2351.4789957743,1739.99502858563,200
2366.39323887646,1071.33979617201,180
2401.19313944817,1066.36838180462,180
2403.67884663187,608.998260004971,200
2445.93586875466,1359.68182948049,200
2448.42157593835,1337.31046482724,180
79.5426298782003,1106.13969674372,200
131.742480735769,1377.08177976634,200
248.570718369376,1538.65274670644,200
308.227690778026,1548.59557544121,200
318.170519512801,1382.05319413373,200
325.627641063883,1372.11036539896,200
390.25602783992,283.370618941089,220
422.570221227939,2008.45140442456,200
494.655729555058,390.25602783992,220
514.541387024609,907.283122048223,200
534.427044494159,686.055182699478,200
606.512552821278,1493.91001739995,200
740.740740740741,442.455878697489,200
748.197862291822,442.455878697489,200
807.854834700472,1911.5088242605,200
1034.0541884166,2383.79318916232,200
1043.99701715138,700.969425801641,220
1168.28237633607,1150.88242605021,220
1242.85359184688,695.998011434253,200
1280.13919960229,2426.05021128511,200
1290.08202833706,2431.0216256525,200
1304.99627143922,2331.59333830475,200
1342.28187919463,2443.45016157097,220
1382.05319413373,1548.59557544121,200
1399.45314441959,452.398707432264,200
1401.93885160328,2165.05095699727,200
1464.08153119563,405.170270942083,220
1483.96718866518,1981.10862540393,200
1496.39572458364,233.656475267214,200
1521.25279642058,676.112353964703,200
1570.96694009446,1814.56624409645,200
1635.59532687049,1598.30971911509,200
1648.02386278896,2080.53691275168,200
1667.90952025851,2090.47974148645,200
1727.56649266716,1068.85408898832,200
1742.48073576933,1496.39572458364,200
1744.96644295302,1240.36788466319,200
1792.1948794432,1966.19438230176,200
1797.16629381059,146.656723837932,200
1812.08053691275,1118.56823266219,200
1844.39473030077,367.884663186677,220
1851.85185185185,2117.82252050708,200
1859.30897340293,370.37037037037,200
1891.62316679095,1486.45289584887,200
1918.96594581158,188.913745960726,200
1926.42306736266,1053.93984588615,200
1938.85160328113,507.084265473527,200
1941.33731046483,1926.42306736266,220
1948.79443201591,1926.42306736266,200
1956.25155356699,1113.5968182948,200
1956.25155356699,397.713149391002,200
2055.67984091474,1297.53914988814,220
2192.3937360179,1213.02510564256,200
2237.13646532438,658.712403678847,200
2237.13646532438,648.769574944072,200
2261.99353716132,1319.91051454139,200
2299.27914491673,1193.13944817301,200
2329.10763112105,1973.65150385285,200
121.799652000994,1379.56748695004,220
256.027839920457,1379.56748695004,220
258.513547104151,1963.70867511807,220
298.284862043251,1548.59557544121,220
308.227690778026,1379.56748695004,220
323.141933880189,1046.48272433507,220
412.627392493164,2005.96569724086,220
487.198608003977,1501.36713895103,240
492.170022371365,1598.30971911509,220
559.284116331096,1802.13770817798,220
606.512552821278,211.28511061397,240
725.826497638578,129.256773552076,220
733.283619189659,126.771066368382,240
797.912005965697,1911.5088242605,220
802.883420333085,621.42679592344,220
845.140442455879,298.284862043251,240
979.368630375342,1677.85234899329,220
986.825751926423,608.998260004971,220
1011.68282376336,1158.33954760129,220
1026.59706686552,2383.79318916232,220
1056.42555306985,1757.39497887149,220
1076.3112105394,176.485210042257,240
1103.65398956003,1938.85160328113,220
1121.05393984589,1712.652249565,220
1237.88217747949,698.483718617947,220
1265.22495650012,2371.36465324385,220
1267.71066368382,2428.5359184688,220
1324.88192890877,2087.99403430276,220
1349.73900074571,2.48570718369376,220
1389.51031568481,1941.33731046483,220
1391.99602286851,452.398707432264,220
1394.4817300522,467.312950534427,220
1449.16728809346,2207.30797912006,220
1454.13870246085,1608.25254784986,240
1456.62440964454,405.170270942083,220
1476.51006711409,1981.10862540393,220
1486.45289584887,2363.90753169277,220
1486.45289584887,233.656475267214,220
1523.73850360428,1260.25354213274,220
1561.02411135968,1817.05195128014,220
1610.73825503356,479.741486452896,240
1625.65249813572,1598.30971911509,220
1638.08103405419,2080.53691275168,220
1657.96669152374,2087.99403430276,220
1710.16654238131,1789.70917225951,220
1735.02361421825,1859.30897340293,240
1732.53790703455,1496.39572458364,220
1742.48073576933,1561.02411135968,240
1735.02361421825,437.484464330102,220
1777.28063634104,1884.16604523987,220
1787.22346507581,146.656723837932,220
1792.1948794432,159.085259756401,220
1802.13770817798,1118.56823266219,220
1802.13770817798,745.712155108128,220
1822.02336564753,556.798409147402,220
1839.42331593338,989.311459110117,240
1841.90902311708,2115.33681332339,220
1866.76609495401,559.284116331096,240
1916.48023862789,1053.93984588615,220
1931.39448173005,507.084265473527,220
1931.39448173005,1926.42306736266,220
1938.85160328113,1732.53790703455,220
1941.33731046483,581.65548098434,220
1946.30872483221,397.713149391002,220
1946.30872483221,1113.5968182948,220
1971.16579666915,1879.19463087248,240
1973.65150385285,2155.10812826249,220
2028.33706189411,390.25602783992,220
2187.42232165051,1588.36689038031,260
2219.73651503853,922.197365150385,220
2227.19363658961,658.712403678847,220
2227.19363658961,648.769574944072,220
2244.59358687547,825.254784986329,220
2252.05070842655,1319.91051454139,220
2269.4506587124,1135.96818294805,220
2289.33631618195,1188.16803380562,220
2294.30773054934,1198.11086254039,240
2329.10763112105,867.511807109123,220
2344.02187422322,1739.99502858563,220
2393.73601789709,606.512552821278,220
2440.96445438727,1337.31046482724,220
193.885160328113,695.998011434253,260
203.827989062888,1140.93959731544,240
270.94208302262,1173.25379070346,260
308.227690778026,678.598061148397,260
308.227690778026,1546.10986825752,240
315.684812329108,1891.62316679095,240
343.027591349739,551.826994780015,240
395.227442207308,1267.71066368382,240
402.684563758389,400.198856574696,240
417.598806860552,507.084265473527,240
564.255530698484,176.485210042257,240
715.883668903803,673.626646781009,240
723.340790454884,221.227939348745,240
730.797912005966,2311.7076808352,260
765.597812577678,745.712155108128,240
899.826000497141,1896.59458115834,240
989.311459110117,1859.30897340293,260
989.311459110117,1675.36664180959,240
1024.11135968183,1133.48247576436,260
1029.08277404922,964.454387273179,260
1053.93984588615,12.4285359184688,260
1066.36838180462,1757.39497887149,240
1103.65398956003,559.284116331096,260
1116.0825254785,1936.36589609744,240
1126.02535421327,2015.90852597564,260
1133.48247576436,1712.652249565,240
1165.79666915237,330.59905543127,260
1190.65374098931,1792.1948794432,260
1252.79642058166,2227.19363658961,240
1285.11061396967,932.14019388516,240
1347.25329356202,2281.87919463087,240
1357.19612229679,2.48570718369376,240
1394.4817300522,1988.56574695501,240
1431.76733780761,1600.79542629878,240
1483.96718866518,1991.0514541387,260
1491.42431021626,1735.02361421825,240
1503.85284613473,1735.02361421825,240
1583.39547601293,2396.22172508079,260
1615.70966940094,1707.68083519761,240
1782.25205070843,1884.16604523987,240
1814.56624409645,1419.33880188914,260
1948.79443201591,584.141188168034,240
1981.10862540393,2155.10812826249,240
1986.08003977131,223.713646532438,260
2035.79418344519,390.25602783992,240
2048.22271936366,718.369376087497,240
2078.05120556798,1981.10862540393,240
2122.79393487447,894.854586129754,260
2194.87944320159,1583.39547601293,240
2227.19363658961,922.197365150385,240
2234.65075814069,914.740243599304,260
2252.05070842655,822.769077802635,240
2294.30773054934,1884.16604523987,260
2304.25055928412,1705.19512801392,240
57.1712652249565,1158.33954760129,260
79.5426298782003,907.283122048223,260
308.227690778026,755.654983842903,260
489.684315187671,2085.50832711907,280
541.88416604524,211.28511061397,260
576.684066616953,2125.27964205817,260
621.42679592344,482.22719363659,260
723.340790454884,1043.99701715138,260
807.854834700472,323.141933880189,260
897.340293313448,1222.96793437733,260
991.797166293811,178.970917225951,280
1006.71140939597,1103.65398956003,280
1009.19711657967,2237.13646532438,280
1031.56848123291,1874.2232165051,280
1058.91126025354,320.656226696495,260
1088.73974645787,2105.39398458862,280
1135.96818294805,198.856574695501,260
1230.42505592841,2242.10787969177,280
1252.79642058166,720.855083271191,280
1324.88192890877,1155.8538404176,280
1419.33880188914,1899.08028834203,280
1456.62440964454,7.45712155108128,280
1481.48148148148,2294.30773054934,280
1493.91001739995,608.998260004971,280
1523.73850360428,1971.16579666915,260
1551.08128262491,1856.82326621924,280
1565.99552572707,1859.30897340293,260
1593.3383047477,233.656475267214,260
1595.82401193139,1918.96594581158,280
1638.08103405419,1593.3383047477,260
1652.99527715635,1981.10862540393,260
1841.90902311708,1421.82450907283,280
1889.13745960726,1208.05369127517,280
1906.53740989311,1086.25403927417,260
1983.59433258762,439.970171513796,280
2028.33706189411,874.968928660204,260
2172.50807854835,1337.31046482724,260
2309.2219736515,952.02585135471,260
2329.10763112105,937.111608252548,280
238.627889634601,1697.73800646284,300
260.999254287845,760.626398210291,300
305.741983594333,1198.11086254039,280
514.541387024609,338.056176982351,300
517.027094208302,1657.96669152374,280
686.055182699478,2105.39398458862,300
755.654983842903,969.425801640567,300
790.454884414616,1926.42306736266,300
889.883171762366,1126.02535421327,280
1004.22570221228,139.199602286851,280
1026.59706686552,2239.62217250808,280
1041.51130996769,387.770320656227,280
1083.76833209048,559.284116331096,300
1123.53964702958,1938.85160328113,300
1140.93959731544,865.026099925429,300
1195.6251553567,626.398210290828,300
1272.68207805121,1111.11111111111,300
1304.99627143922,206.313696246582,280
1317.42480735769,2142.67959234402,300
1322.39622172508,352.970420084514,300
1590.85259756401,2150.1367138951,280
1598.30971911509,1267.71066368382,280
1662.93810589113,1889.13745960726,280
1682.82376336068,2324.13621675367,280
1759.88068605518,270.94208302262,280
1826.99478001491,2040.76559781258,280
1859.30897340293,1623.16679095203,280
1961.22296793438,1304.99627143922,300
1968.68008948546,1762.36639323888,300
2170.02237136465,1933.88018891375,300
2217.25080785483,330.59905543127,280
2224.70792940592,1563.50981854338,300
2366.39323887646,1039.02560278399,280
2371.36465324385,1041.51130996769,300
91.9711657966692,1275.1677852349,320
176.485210042257,932.14019388516,300
216.256524981357,1031.56848123291,320
226.199353716132,1672.8809346259,300
233.656475267214,1163.31096196868,320
298.284862043251,1193.13944817301,300
333.084762614964,502.11285110614,300
362.913248819289,1285.11061396967,320
623.912503107134,1155.8538404176,300
671.140939597315,1255.28212776535,320
671.140939597315,929.654486701467,300
760.626398210291,1568.48123291076,300
822.769077802635,835.197613721104,300
830.226199353716,2132.73676360925,320
882.426050211285,1121.05393984589,300
894.854586129754,1108.62540392742,300
979.368630375342,256.027839920457,300
999.254287844892,2339.05045985583,300
1036.5398956003,382.798906288839,300
1048.96843151877,1705.19512801392,340
1145.91101168282,1620.68108376833,320
1265.22495650012,1093.71116082525,320
1285.11061396967,1563.50981854338,320
1295.05344270445,1618.19537658464,320
1297.53914988814,1570.96694009446,320
1300.02485707184,656.226696495153,320
1304.99627143922,1188.16803380562,320
1312.45339299031,2102.90827740492,300
1342.28187919463,161.570966940094,320
1379.56748695004,539.398458861546,300
1556.05269699229,1511.30996768581,300
1570.96694009446,1978.62291822023,320
1600.79542629878,1041.51130996769,300
1613.22396221725,1101.16828237634,320
1633.1096196868,2274.42207307979,300
1650.50956997266,1869.25180213771,320
1662.93810589113,2157.59383544618,320
1672.8809346259,1414.36738752175,320
1787.22346507581,546.855580412627,300
1839.42331593338,571.712652249565,320
1963.70867511807,283.370618941089,300
1978.62291822023,278.399204573701,300
2025.85135471042,971.911508824261,300
2055.67984091474,1968.68008948546,300
2194.87944320159,1203.08227690778,320
2271.9363658961,778.026348496147,300
2304.25055928412,663.683818046234,300
2361.42182450907,1618.19537658464,320
2406.16455381556,1384.53890131742,320
2478.25006214268,1265.22495650012,320
129.256773552076,1324.88192890877,320
221.227939348745,1349.73900074571,340
273.427790206314,1004.22570221228,320
303.256276410639,1615.70966940094,340
318.170519512801,1640.56674123788,320
340.541884166045,1511.30996768581,320
355.456127268208,1337.31046482724,340
387.770320656227,1451.65299527716,320
432.513049962714,837.683320904797,340
472.284364901815,648.769574944072,340
549.341287596321,507.084265473527,340
631.369624658215,1618.19537658464,340
631.369624658215,1041.51130996769,340
673.626646781009,700.969425801641,320
830.226199353716,442.455878697489,320
884.911757394979,422.570221227939,340
914.740243599304,1742.48073576933,340
1004.22570221228,1916.48023862789,320
1041.51130996769,1687.79517772806,320
1093.71116082525,1697.73800646284,340
1098.68257519264,2341.53616703952,320
1106.13969674372,1016.65423813075,340
1121.05393984589,2045.73701217997,320
1168.28237633607,343.027591349739,340
1222.96793437733,1282.62490678598,340
1260.25354213274,1272.68207805121,340
1300.02485707184,1175.73949788715,320
1302.51056425553,720.855083271191,320
1309.96768580661,1628.13820531941,320
1357.19612229679,345.513298533433,320
1379.56748695004,427.541635595327,340
1396.96743723589,1956.25155356699,320
1431.76733780761,1106.13969674372,340
1476.51006711409,802.883420333085,340
1496.39572458364,1670.39522744221,340
1508.82426050211,541.88416604524,320
1516.28138205319,1963.70867511807,320
1635.59532687049,1966.19438230176,320
1657.96669152374,238.627889634601,340
1657.96669152374,1155.8538404176,340
1672.8809346259,1369.62465821526,320
1695.25229927915,708.426547352722,320
1844.39473030077,1707.68083519761,320
1963.70867511807,459.855828983346,340
2177.47949291573,899.826000497141,340
2209.79368630375,882.426050211285,320
2259.50782997763,1220.48222719364,340
2316.67909520259,947.054436987323,320
2398.70743226448,860.054685558041,340
2473.27864777529,1145.91101168282,320
606.512552821278,2008.45140442456,340
698.483718617947,1568.48123291076,360
698.483718617947,415.113099676858,360
750.683569475516,914.740243599304,360
770.569226945066,743.226447924435,340
787.969177230922,1347.25329356202,340
835.197613721104,738.255033557047,360
869.997514292816,472.284364901815,340
937.111608252548,69.5998011434253,360
1011.68282376336,1802.13770817798,340
1011.68282376336,2170.02237136465,340
1039.02560278399,104.399701715138,360
1051.45413870246,2207.30797912006,340
1061.39696743724,1633.1096196868,340
1061.39696743724,1712.652249565,340
1066.36838180462,1643.05244842158,340
1210.53939845886,658.712403678847,360
1342.28187919463,1309.96768580661,360
1367.13895103157,1419.33880188914,360
1419.33880188914,1180.71091225454,340
1421.82450907283,1608.25254784986,360
1444.19587372608,651.255282127765,340
1449.16728809346,976.882923191648,340
1451.65299527716,1866.76609495401,340
1565.99552572707,1466.56723837932,340
1598.30971911509,1444.19587372608,360
1610.73825503356,1111.11111111111,360
1635.59532687049,1066.36838180462,360
1712.652249565,1409.39597315436,340
1732.53790703455,1603.28113348248,340
1752.4235645041,1004.22570221228,340
1804.62341536167,820.283370618941,360
1849.36614466816,1429.28163062391,340
1983.59433258762,1662.93810589113,360
1983.59433258762,2035.79418344519,340
1998.50857568978,2035.79418344519,340
2015.90852597564,1605.76684066617,340
2040.76559781258,770.569226945066,340
2043.25130499627,820.283370618941,340
2087.99403430276,521.99850857569,340
2170.02237136465,494.655729555058,360
2289.33631618195,1009.19711657967,340
164.056674123788,1382.05319413373,360
492.170022371365,1217.99652000994,360
613.969674372359,837.683320904797,380
631.369624658215,837.683320904797,360
733.283619189659,820.283370618941,360
760.626398210291,1168.28237633607,380
778.026348496147,1024.11135968183,360
778.026348496147,922.197365150385,360
795.426298782004,1839.42331593338,360
860.054685558041,479.741486452896,360
877.454635843898,238.627889634601,380
954.511558538404,1314.939100174,360
971.911508824261,1208.05369127517,360
1053.93984588615,994.282873477504,380
1071.33979617201,193.885160328113,380
1145.91101168282,2155.10812826249,360
1237.88217747949,1486.45289584887,360
1332.33905045986,1988.56574695501,360
1387.02460850112,1792.1948794432,360
1491.42431021626,320.656226696495,360
1516.28138205319,1235.3964702958,360
1573.45264727815,1874.2232165051,360
1588.36689038031,1471.53865274671,360
1685.30947054437,1282.62490678598,360
1707.68083519761,1971.16579666915,360
1762.36639323888,725.826497638578,360
1762.36639323888,730.797912005966,360
1846.88043748446,1041.51130996769,360
1961.22296793438,1039.02560278399,360
2048.22271936366,1670.39522744221,360
2060.65125528213,1652.99527715635,400
2160.07954262988,1891.62316679095,380
357.941834451902,1317.42480735769,400
439.970171513796,1441.71016654238,380
467.312950534427,1670.39522744221,400
569.226945065871,1486.45289584887,400
646.283867760378,999.254287844892,380
730.797912005966,367.884663186677,400
852.59756400696,1620.68108376833,400
1056.42555306985,2008.45140442456,380
1076.3112105394,467.312950534427,380
1158.33954760129,2157.59383544618,380
1188.16803380562,1210.53939845886,380
1352.22470792941,64.6283867760378,380
1379.56748695004,2239.62217250808,380
1444.19587372608,1881.68033805618,400
1536.16703952274,812.82624906786,380
1580.90976882923,1469.05294556301,380
1605.76684066617,1744.96644295302,400
1677.85234899329,1280.13919960229,380
1700.22371364653,1968.68008948546,380
1732.53790703455,323.141933880189,400
1754.9092716878,728.312204822272,380
1789.70917225951,1797.16629381059,400
1836.93760874969,1041.51130996769,380
1956.25155356699,1039.02560278399,380
2043.25130499627,1667.90952025851,380
2142.67959234402,1160.82525478499,380
2187.42232165051,802.883420333085,380
2202.33656475267,715.883668903803,380
228.685060899826,1290.08202833706,400
382.798906288839,720.855083271191,400
482.22719363659,594.084016902809,420
487.198608003977,581.65548098434,400
613.969674372359,825.254784986329,400
633.855331841909,681.08376833209,400
651.255282127765,996.768580661198,400
738.255033557047,1016.65423813075,400
750.683569475516,1926.42306736266,420
765.597812577678,852.59756400696,420
845.140442455879,596.569724086503,400
852.59756400696,502.11285110614,420
1056.42555306985,554.312701963709,420
1193.13944817301,1208.05369127517,400
1200.59656972409,474.770072085508,400
1220.48222719364,2008.45140442456,420
1255.28212776535,2045.73701217997,400
1265.22495650012,226.199353716132,420
1384.53890131742,1314.939100174,400
1441.71016654238,320.656226696495,400
1486.45289584887,2125.27964205817,420
1593.3383047477,1364.65324384787,420
1635.59532687049,758.140691026597,400
1670.39522744221,1126.02535421327,400
1744.96644295302,1342.28187919463,400
1759.88068605518,837.683320904797,400
2060.65125528213,1931.39448173005,420
2060.65125528213,566.741237882178,420
2068.10837683321,1071.33979617201,420
2073.0797912006,1556.05269699229,400
2083.02261993537,1508.82426050211,420
2155.10812826249,792.94059159831,400
2209.79368630375,715.883668903803,400
591.598309719115,693.512304250559,440
606.512552821278,822.769077802635,420
628.883917474521,678.598061148397,420
840.169028088491,718.369376087497,420
850.111856823266,1794.6805866269,420
884.911757394979,1026.59706686552,420
934.625901068854,2073.0797912006,420
1078.79691772309,335.570469798658,420
1091.22545364156,534.427044494159,440
1168.28237633607,2115.33681332339,420
1225.45364156102,1869.25180213771,420
1344.76758637832,1387.02460850112,420
1456.62440964454,362.913248819289,440
1503.85284613473,2120.30822769078,420
1531.19562515536,539.398458861546,420
1590.85259756401,1349.73900074571,420
1628.13820531941,753.16927665921,420
1660.45239870743,1123.53964702958,420
1680.33805617698,1556.05269699229,420
1752.4235645041,835.197613721104,420
1859.30897340293,1660.45239870743,440
1869.25180213771,1354.7104151131,420
1911.5088242605,785.483470047228,420
2020.87994034303,934.625901068854,420
492.170022371365,1526.22421078797,440
531.941337310465,1317.42480735769,460
554.312701963709,740.740740740741,440
599.055431270196,1700.22371364653,460
753.16927665921,1570.96694009446,440
797.912005965697,855.083271190654,440
1150.88242605021,1113.5968182948,440
1160.82525478499,2115.33681332339,440
1208.05369127517,1230.42505592841,440
1329.85334327616,295.799154859558,440
1419.33880188914,1648.02386278896,440
1476.51006711409,1133.48247576436,440
1491.42431021626,509.569972657221,440
1762.36639323888,571.712652249565,440
1854.33755903555,894.854586129754,440
1871.7375093214,658.712403678847,440
1899.08028834203,735.769326373353,440
1923.93736017897,574.198359433259,440
1973.65150385285,653.740989311459,460
1983.59433258762,1247.82500621427,440
2015.90852597564,1546.10986825752,440
521.99850857569,1031.56848123291,480
728.312204822272,661.19811086254,460
760.626398210291,1570.96694009446,460
807.854834700472,855.083271190654,460
842.654735272185,1421.82450907283,460
889.883171762366,1573.45264727815,460
969.425801640567,1603.28113348248,480
979.368630375342,1613.22396221725,460
1088.73974645787,1213.02510564256,460
1143.42530449913,822.769077802635,460
1160.82525478499,1113.5968182948,460
1168.28237633607,2115.33681332339,460
1217.99652000994,1230.42505592841,460
1225.45364156102,1270.19637086751,480
1302.51056425553,810.340541884166,460
1342.28187919463,298.284862043251,460
1431.76733780761,1650.50956997266,460
1434.2530449913,1655.48098434004,460
1469.05294556301,365.398956002983,460
1488.93860303256,1133.48247576436,460
1503.85284613473,509.569972657221,460
1506.33855331842,956.997265722098,480
1670.39522744221,695.998011434253,460
1702.70942083023,1419.33880188914,460
1759.88068605518,1851.85185185185,480
1774.79492915735,574.198359433259,460
1799.65200099428,526.969922943077,460
1844.39473030077,902.311707680835,460
1864.28038777032,1312.45339299031,480
1869.25180213771,894.854586129754,460
1874.2232165051,1667.90952025851,460
1884.16604523987,1357.19612229679,460
1884.16604523987,661.19811086254,460
1891.62316679095,671.140939597315,460
1911.5088242605,738.255033557047,460
1936.36589609744,576.684066616953,460
1986.08003977131,668.655232413622,460
2010.93711160825,1026.59706686552,460
2028.33706189411,1548.59557544121,460
2192.3937360179,1051.45413870246,460
432.513049962714,1026.59706686552,480
502.11285110614,1605.76684066617,500
743.226447924435,601.54113845389,500
785.483470047228,1282.62490678598,480
812.82624906786,539.398458861546,500
825.254784986329,1103.65398956003,480
929.654486701467,1493.91001739995,500
961.968680089485,1583.39547601293,500
964.454387273179,1613.22396221725,480
1046.48272433507,1700.22371364653,480
1108.62540392742,591.598309719115,500
1108.62540392742,559.284116331096,480
1222.96793437733,1906.53740989311,500
1245.33929903057,1247.82500621427,480
1252.79642058166,1317.42480735769,500
1526.22421078797,820.283370618941,500
1553.5669898086,996.768580661198,480
1672.8809346259,691.026597066866,480
1730.05219985086,539.398458861546,480
1752.4235645041,1986.08003977131,480
1846.88043748446,894.854586129754,480
1988.56574695501,658.712403678847,480
2010.93711160825,1019.13994531444,480
2127.76534924186,1359.68182948049,480
2182.45090728312,1391.99602286851,480
2194.87944320159,1043.99701715138,480
554.312701963709,1344.76758637832,500
656.226696495153,1048.96843151877,500
822.769077802635,1802.13770817798,500
842.654735272185,1352.22470792941,520
842.654735272185,1339.79617201094,500
867.511807109123,1431.76733780761,500
971.911508824261,1382.05319413373,500
1116.0825254785,666.169525229928,500
1379.56748695004,514.541387024609,520
1488.93860303256,773.05493412876,500
1496.39572458364,782.997762863535,500
1573.45264727815,1379.56748695004,500
1690.28088491176,817.797663435247,520
1884.16604523987,715.883668903803,500
1889.13745960726,559.284116331096,500
526.969922943077,1133.48247576436,520
566.741237882178,1048.96843151877,520
648.769574944072,1180.71091225454,540
812.82624906786,1478.99577429779,520
1004.22570221228,1546.10986825752,540
1068.85408898832,472.284364901815,520
1121.05393984589,668.655232413622,520
1140.93959731544,382.798906288839,540
1210.53939845886,845.140442455879,520
1225.45364156102,1670.39522744221,540
1267.71066368382,1921.45165299528,540
1275.1677852349,1911.5088242605,520
1312.45339299031,1526.22421078797,520
1319.91051454139,1909.02311707681,540
1384.53890131742,1625.65249813572,540
1414.36738752175,1011.68282376336,520
1446.68158090977,494.655729555058,540
1481.48148148148,780.512055679841,520
1496.39572458364,681.08376833209,520
1782.25205070843,1794.6805866269,540
2068.10837683321,1670.39522744221,540
2090.47974148645,1314.939100174,540
678.598061148397,996.768580661198,540
1155.8538404176,1826.99478001491,560
1222.96793437733,879.940343027591,540
1364.65324384787,1546.10986825752,540
1416.85309470544,1941.33731046483,540
1546.10986825752,1779.76634352473,540
1565.99552572707,1899.08028834203,540
1657.96669152374,1836.93760874969,560
1660.45239870743,1849.36614466816,540
1665.42381307482,862.540392741735,540
1667.90952025851,1864.28038777032,540
1732.53790703455,691.026597066866,540
1730.05219985086,822.769077802635,560
1787.22346507581,738.255033557047,540
1802.13770817798,1826.99478001491,540
693.512304250559,1292.56773552076,580
733.283619189659,1183.19661943823,580
770.569226945066,944.568729803629,560
802.883420333085,763.112105393985,560
954.511558538404,1334.82475764355,560
1133.48247576436,874.968928660204,560
1232.91076311211,889.883171762366,580
1334.82475764355,1155.8538404176,560
1429.28163062391,442.455878697489,580
1459.11011682824,524.484215759384,580
1546.10986825752,1208.05369127517,560
1657.96669152374,1854.33755903555,560
1670.39522744221,1024.11135968183,560
1670.39522744221,1031.56848123291,560
765.597812577678,939.597315436242,580
904.797414864529,1275.1677852349,580
947.054436987323,1334.82475764355,580
1021.62565249814,1063.88267462093,580
1046.48272433507,631.369624658215,580
1126.02535421327,869.997514292816,580
1300.02485707184,499.627143922446,580
1324.88192890877,658.712403678847,580
1426.79592344022,1553.5669898086,580
1496.39572458364,559.284116331096,600
1598.30971911509,1362.16753666418,580
1665.42381307482,959.482972905792,600
1812.08053691275,1526.22421078797,580
1913.9945314442,1387.02460850112,600
954.511558538404,1466.56723837932,600
1006.71140939597,1451.65299527716,620
1016.65423813075,1063.88267462093,600
1126.02535421327,1121.05393984589,620
1255.28212776535,1170.76808351976,600
1389.51031568481,499.627143922446,620
1431.76733780761,1735.02361421825,600
1585.88118319662,591.598309719115,620
1712.652249565,1464.08153119563,600
944.568729803629,1466.56723837932,620
1053.93984588615,1556.05269699229,640
1295.05344270445,1190.65374098931,640
1382.05319413373,653.740989311459,620
1394.4817300522,882.426050211285,640
1491.42431021626,974.397216007954,620
1580.90976882923,1126.02535421327,640
1657.96669152374,1573.45264727815,640
1697.73800646284,1389.51031568481,620
1777.28063634104,1190.65374098931,620
1116.0825254785,1093.71116082525,640
1143.42530449913,1039.02560278399,640
1491.42431021626,750.683569475516,660
1593.3383047477,1456.62440964454,640
1640.56674123788,1434.2530449913,640
1707.68083519761,1135.96818294805,640
1123.53964702958,1096.19686800895,660
1150.88242605021,1041.51130996769,660
1317.42480735769,1292.56773552076,680
1332.33905045986,1290.08202833706,660
1337.31046482724,1280.13919960229,660
1608.25254784986,1456.62440964454,660
1715.13795674869,1138.45389013174,660
1275.1677852349,1188.16803380562,680
1302.51056425553,1295.05344270445,680
1322.39622172508,1277.65349241859,680
1389.51031568481,1307.48197862292,680
1573.45264727815,1058.91126025354,680
