22.3713646532438,469.798657718121,40
32.3141933880189,986.825751926423,40
47.2284364901815,984.340044742729,40
101.913994531444,1225.45364156102,40
131.742480735769,430.027342779021,40
131.742480735769,415.113099676858,60
161.570966940094,1220.48222719364,20
169.028088491176,1208.05369127517,20
201.342281879195,1148.39671886652,40
216.256524981357,1158.33954760129,40
218.742232165051,1083.76833209048,40
248.570718369376,1208.05369127517,40
253.542132736764,1195.6251553567,40
258.513547104151,1252.79642058166,40
283.370618941089,1317.42480735769,40
333.084762614964,1625.65249813572,60
392.741735023614,2033.3084762615,40
432.513049962714,1946.30872483221,20
437.484464330102,1931.39448173005,20
489.684315187671,295.799154859558,60
566.741237882178,1747.45215013671,40
574.198359433259,2192.3937360179,40
589.112602535421,2165.05095699727,40
628.883917474521,855.083271190654,60
636.341039025603,151.628138205319,40
653.740989311459,37.2856077554064,40
653.740989311459,114.342530449913,40
656.226696495153,94.4568729803629,40
668.655232413622,151.628138205319,40
671.140939597315,1111.11111111111,40
686.055182699478,99.4282873477504,40
695.998011434253,228.685060899826,40
695.998011434253,909.768829231916,40
700.969425801641,49.7141436738752,40
710.912254536416,89.4854586129754,40
720.855083271191,2336.56475267214,20
740.740740740741,1133.48247576436,20
745.712155108128,1148.39671886652,60
785.483470047228,2346.50758140691,40
822.769077802635,67.1140939597315,80
835.197613721104,606.512552821278,60
835.197613721104,2000.99428287348,40
867.511807109123,1307.48197862292,60
874.968928660204,845.140442455879,40
877.454635843898,1372.11036539896,60
884.911757394979,352.970420084514,40
899.826000497141,2083.02261993537,40
899.826000497141,1961.22296793438,40
927.168779517773,835.197613721104,40
922.197365150385,1876.70892368879,40
952.02585135471,502.11285110614,40
971.911508824261,2468.3072334079,20
971.911508824261,1645.53815560527,60
981.854337559036,2455.87869748944,20
996.768580661198,2470.7929405916,40
1011.68282376336,2147.65100671141,20
1009.19711657967,1943.82301764852,20
1011.68282376336,2450.90728312205,20
1036.5398956003,1933.88018891375,20
1061.39696743724,1948.79443201591,40
1118.56823266219,1309.96768580661,60
1121.05393984589,1727.56649266716,20
1118.56823266219,2396.22172508079,40
1133.48247576436,2286.85060899826,40
1140.93959731544,1730.05219985086,40
1145.91101168282,1133.48247576436,40
1165.79666915237,1600.79542629878,40
1173.25379070346,1615.70966940094,40
1175.73949788715,1715.13795674869,40
1193.13944817301,1389.51031568481,60
1190.65374098931,1692.76659209545,40
1198.11086254039,929.654486701467,40
1203.08227690778,2030.8227690778,40
1213.02510564256,1712.652249565,40
1227.93934874472,2025.85135471042,40
1227.93934874472,912.25453641561,40
1227.93934874472,2048.22271936366,40
1232.91076311211,1946.30872483221,60
1257.76783494904,2140.19388516033,60
1339.79617201094,1911.5088242605,20
1352.22470792941,2035.79418344519,60
1362.16753666418,1886.65175242356,40
1364.65324384787,375.341784737758,60
1364.65324384787,1913.9945314442,20
1377.08177976634,1712.652249565,60
1374.59607258265,96.9425801640567,40
1384.53890131742,2473.27864777529,40
1421.82450907283,484.712900820283,40
1431.76733780761,449.913000248571,40
1451.65299527716,467.312950534427,40
1461.59582401193,673.626646781009,60
1466.56723837932,1675.36664180959,60
1471.53865274671,462.34153616704,40
1483.96718866518,792.94059159831,40
1496.39572458364,651.255282127765,40
1516.28138205319,604.026845637584,40
1536.16703952274,1941.33731046483,40
1541.13845389013,571.712652249565,40
1543.62416107383,591.598309719115,40
1583.39547601293,1342.28187919463,40
1635.59532687049,544.369873228934,40
1732.53790703455,1168.28237633607,40
1737.50932140194,1185.68232662192,20
1774.79492915735,213.770817797663,40
1784.73775789212,47.2284364901815,40
1787.22346507581,1894.10887397465,40
1817.05195128014,710.912254536416,40
1822.02336564753,1170.76808351976,40
1836.93760874969,144.171016654238,60
1846.88043748446,2440.96445438727,60
1851.85185185185,1011.68282376336,40
1871.7375093214,1029.08277404922,40
1894.10887397465,753.16927665921,60
1886.65175242356,2.48570718369376,40
1886.65175242356,775.540641312453,20
1894.10887397465,611.483967188665,60
1896.59458115834,770.569226945066,20
1923.93736017897,1511.30996768581,60
1931.39448173005,49.7141436738752,40
1943.82301764852,2299.27914491673,40
1953.7658463833,2048.22271936366,20
1958.73726075068,2065.62266964952,40
1961.22296793438,84.5140442455879,40
1988.56574695501,1372.11036539896,40
1993.5371613224,604.026845637584,60
1996.02286850609,705.940840169028,60
1996.02286850609,1409.39597315436,40
2008.45140442456,1143.42530449913,20
2018.39423315933,904.797414864529,60
2015.90852597564,1396.96743723589,40
2020.87994034303,1362.16753666418,40
2030.8227690778,392.741735023614,40
2045.73701217997,869.997514292816,20
2045.73701217997,820.283370618941,40
2048.22271936366,889.883171762366,20
2048.22271936366,2172.50807854835,40
2050.70842654735,111.856823266219,40
2060.65125528213,835.197613721104,40
2063.13696246582,2189.9080288342,40
2085.50832711907,882.426050211285,40
2095.45115585384,1426.79592344022,60
2090.47974148645,2207.30797912006,40
2092.96544867015,887.397464578673,40
2105.39398458862,845.140442455879,40
2117.82252050708,611.483967188665,40
2125.27964205817,869.997514292816,40
2177.47949291573,549.341287596321,60
2192.3937360179,1312.45339299031,40
2192.3937360179,1339.79617201094,60
2204.82227193637,2358.93611732538,40
2212.27939348745,1496.39572458364,80
2229.6793437733,758.140691026597,40
2237.13646532438,802.883420333085,40
2249.56500124285,738.255033557047,40
2252.05070842655,1585.88118319662,60
2254.53641561024,773.05493412876,40
2309.2219736515,1242.85359184688,60
2326.62192393736,646.283867760378,40
2329.10763112105,2229.6793437733,60
2351.4789957743,1660.45239870743,20
2356.45041014169,643.798160576684,40
2358.93611732538,1690.28088491176,20
2371.36465324385,2179.96520009943,40
2388.7646035297,1667.90952025851,20
2391.2503107134,1675.36664180959,20
2398.70743226448,402.684563758389,60
2401.19313944817,415.113099676858,60
2413.62167536664,1011.68282376336,60
2458.36440467313,1871.7375093214,40
154.113845389013,343.027591349739,80
293.313447675864,295.799154859558,80
355.456127268208,1697.73800646284,80
372.856077554064,106.885408898832,80
387.770320656227,1518.76708923689,80
397.713149391002,360.427541635595,80
412.627392493164,2227.19363658961,80
671.140939597315,2423.56450410142,80
755.654983842903,638.826746209297,80
969.425801640567,1630.62391250311,40
1073.8255033557,1498.88143176734,80
1118.56823266219,1337.31046482724,80
1128.51106139697,1963.70867511807,80
1163.31096196868,1986.08003977131,80
1250.31071339796,2281.87919463087,80
1488.93860303256,534.427044494159,80
1516.28138205319,2344.02187422322,80
1538.65274670644,1762.36639323888,80
1615.70966940094,2324.13621675367,80
1675.36664180959,216.256524981357,80
1727.56649266716,1367.13895103157,100
1730.05219985086,2266.96495152871,80
1792.1948794432,39.7713149391002,100
1884.16604523987,24.8570718369376,80
1909.02311707681,134.228187919463,80
2087.99403430276,1411.88168033806,60
2105.39398458862,1411.88168033806,60
2117.82252050708,1836.93760874969,80
2162.56524981357,2371.36465324385,80
2321.65050956997,1620.68108376833,60
2324.13621675367,1633.1096196868,60
2470.7929405916,2005.96569724086,80
79.5426298782003,623.912503107134,80
151.628138205319,357.941834451902,80
164.056674123788,352.970420084514,80
181.456624409645,1170.76808351976,80
362.913248819289,1894.10887397465,100
392.741735023614,1088.73974645787,80
407.655978125777,1302.51056425553,60
422.570221227939,469.798657718121,100
437.484464330102,2316.67909520259,100
442.455878697489,1971.16579666915,80
671.140939597315,1088.73974645787,100
673.626646781009,12.4285359184688,80
678.598061148397,1578.42406164554,80
683.569475515784,700.969425801641,60
832.71190653741,47.2284364901815,80
845.140442455879,1896.59458115834,100
959.482972905792,1382.05319413373,80
1036.5398956003,1677.85234899329,100
1140.93959731544,1983.59433258762,100
1158.33954760129,1963.70867511807,80
1178.22520507084,1145.91101168282,100
1183.19661943823,1130.99676858066,80
1210.53939845886,2284.36490181457,100
1369.62465821526,2314.19338801889,100
1396.96743723589,432.513049962714,100
1421.82450907283,879.940343027591,80
1424.31021625653,860.054685558041,80
1439.22445935869,2309.2219736515,100
1441.71016654238,223.713646532438,120
1541.13845389013,877.454635843898,80
1585.88118319662,1322.39622172508,100
1610.73825503356,2197.36515038528,100
1625.65249813572,549.341287596321,60
1638.08103405419,554.312701963709,60
1677.85234899329,2073.0797912006,60
1677.85234899329,422.570221227939,100
1742.48073576933,0,60
1747.45215013671,512.055679840915,80
1792.1948794432,626.398210290828,80
1966.19438230176,2050.70842654735,60
1966.19438230176,2060.65125528213,60
1978.62291822023,241.113596818295,80
2015.90852597564,1143.42530449913,80
2092.96544867015,1327.36763609247,80
2247.07929405916,2244.59358687547,100
2281.87919463087,1352.22470792941,80
2326.62192393736,2239.62217250808,60
2396.22172508079,497.141436738752,80
7.45712155108128,775.540641312453,120
24.8570718369376,1901.56599552573,100
94.4568729803629,621.42679592344,100
121.799652000994,549.341287596321,120
196.370867511807,1506.33855331842,100
231.17076808352,549.341287596321,140
275.913497390007,1988.56574695501,120
275.913497390007,2232.165050957,120
295.799154859558,213.770817797663,100
293.313447675864,1996.02286850609,120
367.884663186677,1692.76659209545,100
442.455878697489,231.17076808352,80
462.34153616704,467.312950534427,100
536.912751677852,897.340293313448,100
688.540889883172,2435.99304001989,100
740.740740740741,1130.99676858066,80
815.311956251554,47.2284364901815,100
887.397464578673,725.826497638578,100
922.197365150385,1570.96694009446,120
934.625901068854,1265.22495650012,100
969.425801640567,1633.1096196868,80
976.882923191648,1638.08103405419,80
1210.53939845886,1188.16803380562,100
1242.85359184688,1667.90952025851,120
1334.82475764355,2413.62167536664,100
1394.4817300522,1230.42505592841,100
1498.88143176734,531.941337310465,80
1503.85284613473,536.912751677852,80
1543.62416107383,1205.56798409147,120
1546.10986825752,2023.36564752672,100
1553.5669898086,2033.3084762615,100
1638.08103405419,1891.62316679095,100
1643.05244842158,2334.07904548844,100
1645.53815560527,1906.53740989311,100
1685.30947054437,556.798409147402,100
1712.652249565,2130.25105642555,100
1744.96644295302,2423.56450410142,120
1789.70917225951,27.3427790206314,100
1829.48048719861,1710.16654238131,100
1844.39473030077,611.483967188665,100
1859.30897340293,1300.02485707184,100
1856.82326621924,872.48322147651,120
1874.2232165051,2179.96520009943,120
1933.88018891375,1503.85284613473,80
1958.73726075068,1491.42431021626,120
2020.87994034303,99.4282873477504,120
2030.8227690778,285.856326124783,100
2301.76485210042,1165.79666915237,120
2346.50758140691,1170.76808351976,120
2386.27889634601,1188.16803380562,120
0,770.569226945066,100
59.6569724086503,1891.62316679095,120
226.199353716132,1598.30971911509,140
251.05642555307,285.856326124783,140
397.713149391002,546.855580412627,140
454.884414615958,1436.73875217499,120
509.569972657221,2209.79368630375,140
514.541387024609,1183.19661943823,120
524.484215759384,1685.30947054437,120
651.255282127765,84.5140442455879,140
686.055182699478,703.455132985334,100
705.940840169028,7.45712155108128,140
847.626149639573,2339.05045985583,120
909.768829231916,1822.02336564753,140
924.683072334079,1797.16629381059,140
954.511558538404,2261.99353716132,140
994.282873477504,2311.7076808352,120
1009.19711657967,2306.73626646781,120
1078.79691772309,2363.90753169277,140
1091.22545364156,1367.13895103157,140
1203.08227690778,1568.48123291076,100
1312.45339299031,2391.2503107134,120
1347.25329356202,1464.08153119563,140
1364.65324384787,1757.39497887149,120
1394.4817300522,1245.33929903057,100
1391.99602286851,979.368630375342,120
1409.39597315436,971.911508824261,120
1459.11011682824,226.199353716132,100
1503.85284613473,2090.47974148645,140
1558.53840417599,1864.28038777032,100
1568.48123291076,1849.36614466816,120
1588.36689038031,1466.56723837932,120
1613.22396221725,1819.53765846383,120
1613.22396221725,2008.45140442456,120
1625.65249813572,1809.59482972906,120
1633.1096196868,1909.02311707681,100
1633.1096196868,2406.16455381556,140
1648.02386278896,536.912751677852,140
1677.85234899329,1836.93760874969,140
1749.93785732041,0,100
1926.42306736266,1710.16654238131,140
1998.50857568978,1690.28088491176,140
2043.25130499627,1260.25354213274,140
2063.13696246582,2068.10837683321,120
2060.65125528213,2125.27964205817,120
2194.87944320159,2078.05120556798,120
2199.85085756898,2090.47974148645,120
2202.33656475267,1702.70942083023,120
2217.25080785483,1533.68133233905,140
2314.19338801889,1968.68008948546,140
2341.53616703952,1262.73924931643,140
119.313944817301,1359.68182948049,140
154.113845389013,1640.56674123788,140
258.513547104151,1277.65349241859,140
338.056176982351,763.112105393985,160
529.455630126771,67.1140939597315,160
546.855580412627,1707.68083519761,140
561.76982351479,1715.13795674869,140
691.026597066866,1163.31096196868,160
765.597812577678,1004.22570221228,140
869.997514292816,2197.36515038528,160
884.911757394979,1041.51130996769,160
981.854337559036,2068.10837683321,160
1004.22570221228,2167.53666418096,160
1014.16853094705,2033.3084762615,160
1106.13969674372,223.713646532438,120
1213.02510564256,1563.50981854338,140
1225.45364156102,1021.62565249814,140
1230.42505592841,2329.10763112105,140
1409.39597315436,989.311459110117,140
1469.05294556301,1784.73775789212,140
1474.0243599304,49.7141436738752,140
1578.42406164554,273.427790206314,180
1610.73825503356,2100.42257022123,180
1608.25254784986,2023.36564752672,140
1670.39522744221,149.142431021626,140
1695.25229927915,1359.68182948049,140
1824.50907283122,1590.85259756401,120
1834.451901566,193.885160328113,160
1876.70892368879,124.285359184688,120
1876.70892368879,2431.0216256525,160
1891.62316679095,2421.07879691772,160
1889.13745960726,1140.93959731544,160
1896.59458115834,2025.85135471042,140
1958.73726075068,1503.85284613473,120
1963.70867511807,1481.48148148148,120
2122.79393487447,1391.99602286851,160
2189.9080288342,2092.96544867015,120
2306.73626646781,2132.73676360925,160
2346.50758140691,1404.42455878698,160
2381.30748197862,1198.11086254039,140
2381.30748197862,1553.5669898086,140
2431.0216256525,979.368630375342,160
2440.96445438727,703.455132985334,160
2460.85011185682,822.769077802635,140
233.656475267214,1464.08153119563,180
380.313199105145,1469.05294556301,180
422.570221227939,1367.13895103157,180
474.770072085508,2160.07954262988,160
601.54113845389,1446.68158090977,180
623.912503107134,201.342281879195,180
638.826746209297,1904.05170270942,180
646.283867760378,971.911508824261,180
710.912254536416,325.627641063883,160
710.912254536416,310.71339796172,160
869.997514292816,1046.48272433507,160
899.826000497141,2020.87994034303,180
909.768829231916,2319.16480238628,180
947.054436987323,1722.59507829978,180
1143.42530449913,2013.42281879195,180
1193.13944817301,1245.33929903057,180
1300.02485707184,1933.88018891375,180
1389.51031568481,1292.56773552076,200
1431.76733780761,2348.9932885906,160
1461.59582401193,1006.71140939597,160
1727.56649266716,2125.27964205817,160
1732.53790703455,2135.22247079294,140
1759.88068605518,646.283867760378,180
1774.79492915735,136.713895103157,180
1834.451901566,149.142431021626,160
2155.10812826249,1951.2801391996,160
2155.10812826249,1275.1677852349,180
2167.53666418096,1188.16803380562,160
2334.07904548844,2095.45115585384,160
2336.56475267214,1404.42455878698,160
2401.19313944817,1178.22520507084,140
2411.13596818295,1384.53890131742,160
44.7427293064877,760.626398210291,180
111.856823266219,561.76982351479,200
161.570966940094,479.741486452896,200
166.542381307482,1021.62565249814,200
223.713646532438,1911.5088242605,180
231.17076808352,1374.59607258265,200
233.656475267214,1911.5088242605,200
246.085011185682,1421.82450907283,200
360.427541635595,2157.59383544618,180
390.25602783992,1230.42505592841,180
420.084514044246,1061.39696743724,160
425.055928411633,1053.93984588615,160
457.370121799652,944.568729803629,200
507.084265473527,1943.82301764852,200
544.369873228934,1347.25329356202,180
549.341287596321,986.825751926423,200
618.941088739746,238.627889634601,200
641.31245339299,956.997265722098,180
673.626646781009,1170.76808351976,160
683.569475515784,2458.36440467313,180
683.569475515784,2092.96544867015,200
700.969425801641,193.885160328113,200
768.083519761372,173.999502858563,200
922.197365150385,14.9142431021626,200
942.083022619935,1986.08003977131,160
952.02585135471,1528.70991797166,180
1148.39671886652,2028.33706189411,180
1190.65374098931,395.227442207308,200
1232.91076311211,223.713646532438,200
1247.82500621427,405.170270942083,180
1250.31071339796,390.25602783992,180
1317.42480735769,1526.22421078797,200
1387.02460850112,2306.73626646781,180
1416.85309470544,1066.36838180462,200
1481.48148148148,899.826000497141,180
1516.28138205319,929.654486701467,200
1533.68133233905,591.598309719115,200
1590.85259756401,268.456375838926,160
1590.85259756401,1469.05294556301,160
1635.59532687049,1861.79468058663,180
1680.33805617698,1906.53740989311,200
1774.79492915735,2087.99403430276,180
1809.59482972906,775.540641312453,160
1841.90902311708,2261.99353716132,180
1856.82326621924,1707.68083519761,200
1869.25180213771,2266.96495152871,180
1896.59458115834,434.998757146408,200
1904.05170270942,792.94059159831,200
1926.42306736266,1078.79691772309,200
1938.85160328113,260.999254287845,180
1973.65150385285,164.056674123788,200
2045.73701217997,251.05642555307,200
2316.67909520259,1851.85185185185,200
2361.42182450907,1859.30897340293,200
2376.33606761124,1155.8538404176,200
2393.73601789709,1145.91101168282,200
2473.27864777529,584.141188168034,180
44.7427293064877,1503.85284613473,200
77.0569226945066,929.654486701467,220
109.371116082525,1232.91076311211,220
146.656723837932,1034.0541884166,200
149.142431021626,489.684315187671,180
164.056674123788,494.655729555058,200
164.056674123788,1670.39522744221,220
183.942331593338,780.512055679841,220
206.313696246582,2102.90827740492,180
233.656475267214,2035.79418344519,220
238.627889634601,1518.76708923689,220
474.770072085508,686.055182699478,200
586.626895351728,221.227939348745,220
671.140939597315,0,180
681.08376833209,2078.05120556798,200
765.597812577678,2050.70842654735,220
922.197365150385,1009.19711657967,200
952.02585135471,1662.93810589113,200
994.282873477504,1744.96644295302,200
1153.36813323391,989.311459110117,220
1232.91076311211,2329.10763112105,180
1280.13919960229,2480.73576932637,180
1302.51056425553,2237.13646532438,220
1352.22470792941,1697.73800646284,220
1466.56723837932,1304.99627143922,220
1498.88143176734,1476.51006711409,220
1533.68133233905,417.598806860552,220
1583.39547601293,636.341039025603,220
1635.59532687049,2222.22222222222,220
1643.05244842158,2398.70743226448,180
1662.93810589113,1128.51106139697,200
1697.73800646284,208.799403430276,220
1871.7375093214,1603.28113348248,220
1913.9945314442,462.34153616704,180
1926.42306736266,1034.0541884166,220
2028.33706189411,253.542132736764,200
2038.27989062888,238.627889634601,200
2053.19413373105,1006.71140939597,220
2140.19388516033,1096.19686800895,220
2165.05095699727,1300.02485707184,220
2162.56524981357,1265.22495650012,180
2406.16455381556,668.655232413622,220
2460.85011185682,1454.13870246085,200
2465.82152622421,1436.73875217499,220
14.9142431021626,989.311459110117,240
164.056674123788,1657.96669152374,220
178.970917225951,1503.85284613473,240
233.656475267214,1675.36664180959,220
241.113596818295,795.426298782004,240
251.05642555307,1506.33855331842,220
308.227690778026,357.941834451902,240
425.055928411633,1727.56649266716,240
437.484464330102,2227.19363658961,220
447.427293064877,278.399204573701,240
507.084265473527,2266.96495152871,240
556.798409147402,1623.16679095203,240
604.026845637584,221.227939348745,220
651.255282127765,82.0283370618941,240
1066.36838180462,1250.31071339796,220
1227.93934874472,2383.79318916232,240
1245.33929903057,7.45712155108128,220
1307.48197862292,2463.33581904052,220
1374.59607258265,2097.93686303753,240
1416.85309470544,1130.99676858066,240
1426.79592344022,1073.8255033557,200
1431.76733780761,1061.39696743724,200
1461.59582401193,2475.76435495899,260
1521.25279642058,474.770072085508,240
1553.5669898086,1936.36589609744,240
1565.99552572707,551.826994780015,240
1605.76684066617,1725.08078548347,220
1610.73825503356,1536.16703952274,220
1667.90952025851,320.656226696495,220
1675.36664180959,330.59905543127,220
1712.652249565,1605.76684066617,220
1884.16604523987,106.885408898832,220
1901.56599552573,464.827243350733,220
1906.53740989311,691.026597066866,220
1938.85160328113,1856.82326621924,220
1936.36589609744,1314.939100174,240
1968.68008948546,2306.73626646781,220
1986.08003977131,2311.7076808352,220
2095.45115585384,2130.25105642555,220
2102.90827740492,544.369873228934,240
2142.67959234402,698.483718617947,240
2177.47949291573,842.654735272185,240
2301.76485210042,1006.71140939597,240
228.685060899826,698.483718617947,240
290.82774049217,705.940840169028,260
405.170270942083,1630.62391250311,260
425.055928411633,999.254287844892,260
437.484464330102,1739.99502858563,240
439.970171513796,753.16927665921,240
439.970171513796,765.597812577678,240
668.655232413622,539.398458861546,240
845.140442455879,2078.05120556798,260
961.968680089485,1797.16629381059,260
981.854337559036,2480.73576932637,240
1019.13994531444,1051.45413870246,260
1061.39696743724,114.342530449913,240
1078.79691772309,2087.99403430276,260
1086.25403927417,1856.82326621924,260
1116.0825254785,474.770072085508,240
1208.05369127517,628.883917474521,240
1213.02510564256,646.283867760378,240
1222.96793437733,633.855331841909,240
1364.65324384787,2145.16529952772,320
1411.88168033806,1732.53790703455,260
1424.31021625653,241.113596818295,260
1476.51006711409,2135.22247079294,260
1466.56723837932,1864.28038777032,260
1513.7956748695,2.48570718369376,240
1585.88118319662,1635.59532687049,220
1595.82401193139,1650.50956997266,220
1707.68083519761,1155.8538404176,260
1767.33780760626,2040.76559781258,260
1777.28063634104,812.82624906786,260
1789.70917225951,1220.48222719364,260
1807.10912254536,604.026845637584,260
1906.53740989311,454.884414615958,220
1911.5088242605,1140.93959731544,260
1976.13721103654,2025.85135471042,260
1991.0514541387,586.626895351728,240
1988.56574695501,599.055431270196,240
2068.10837683321,1409.39597315436,260
2237.13646532438,648.769574944072,260
2316.67909520259,2038.27989062888,260
2351.4789957743,932.14019388516,260
89.4854586129754,1250.31071339796,280
99.4282873477504,773.05493412876,280
154.113845389013,1826.99478001491,280
156.599552572707,1275.1677852349,300
221.227939348745,1143.42530449913,260
293.313447675864,459.855828983346,280
295.799154859558,360.427541635595,240
392.741735023614,439.970171513796,260
484.712900820283,243.599304001989,280
504.598558289833,253.542132736764,280
616.455381556053,2289.33631618195,280
621.42679592344,584.141188168034,280
653.740989311459,176.485210042257,280
656.226696495153,502.11285110614,280
663.683818046234,546.855580412627,240
787.969177230922,618.941088739746,280
944.568729803629,2013.42281879195,280
956.997265722098,2411.13596818295,260
961.968680089485,2426.05021128511,260
969.425801640567,2401.19313944817,260
979.368630375342,2421.07879691772,260
1021.62565249814,1901.56599552573,280
1043.99701715138,2294.30773054934,280
1081.28262490679,1846.88043748446,240
1083.76833209048,2177.47949291573,260
1103.65398956003,1257.76783494904,260
1118.56823266219,1247.82500621427,280
1250.31071339796,256.027839920457,280
1292.56773552076,604.026845637584,280
1307.48197862292,156.599552572707,280
1466.56723837932,2125.27964205817,280
1476.51006711409,735.769326373353,280
1474.0243599304,2147.65100671141,280
1486.45289584887,243.599304001989,260
1496.39572458364,1367.13895103157,280
1521.25279642058,606.512552821278,260
1598.30971911509,1829.48048719861,280
1648.02386278896,2130.25105642555,260
1846.88043748446,544.369873228934,280
1849.36614466816,420.084514044246,280
1891.62316679095,223.713646532438,280
1916.48023862789,551.826994780015,280
1913.9945314442,467.312950534427,240
1946.30872483221,1213.02510564256,260
1958.73726075068,1203.08227690778,260
2187.42232165051,1712.652249565,300
2194.87944320159,1304.99627143922,260
2234.65075814069,638.826746209297,240
2274.42207307979,904.797414864529,280
2291.82202336565,1222.96793437733,260
2314.19338801889,1300.02485707184,280
14.9142431021626,1409.39597315436,300
198.856574695501,755.654983842903,300
233.656475267214,613.969674372359,280
469.798657718121,270.94208302262,260
474.770072085508,273.427790206314,300
618.941088739746,268.456375838926,300
626.398210290828,599.055431270196,260
917.225950782998,691.026597066866,300
949.540144171017,1260.25354213274,280
986.825751926423,2025.85135471042,300
1145.91101168282,1938.85160328113,280
1195.6251553567,773.05493412876,280
1200.59656972409,2423.56450410142,280
1282.62490678598,2321.65050956997,300
1426.79592344022,608.998260004971,280
1439.22445935869,454.884414615958,300
1541.13845389013,2003.47999005717,300
1578.42406164554,2331.59333830475,280
1573.45264727815,2075.56549838429,320
1610.73825503356,2440.96445438727,280
1623.16679095203,2450.90728312205,260
1839.42331593338,1073.8255033557,320
2018.39423315933,430.027342779021,300
2033.3084762615,785.483470047228,280
2229.6793437733,725.826497638578,300
39.7713149391002,1449.16728809346,320
62.142679592344,1036.5398956003,300
201.342281879195,611.483967188665,320
295.799154859558,1389.51031568481,300
633.855331841909,745.712155108128,320
686.055182699478,830.226199353716,320
725.826497638578,691.026597066866,320
728.312204822272,2097.93686303753,320
778.026348496147,2316.67909520259,320
835.197613721104,1337.31046482724,320
986.825751926423,42.2570221227939,320
1006.71140939597,206.313696246582,280
1270.19637086751,2281.87919463087,320
1312.45339299031,44.7427293064877,300
1357.19612229679,524.484215759384,320
1382.05319413373,2043.25130499627,300
1434.2530449913,12.4285359184688,320
1481.48148148148,283.370618941089,320
1511.30996768581,47.2284364901815,320
1600.79542629878,1717.62366393239,320
1603.28113348248,1846.88043748446,280
1605.76684066617,2450.90728312205,280
1643.05244842158,2341.53616703952,320
1650.50956997266,2045.73701217997,300
1710.16654238131,482.22719363659,300
1812.08053691275,1533.68133233905,320
1819.53765846383,2207.30797912006,300
1851.85185185185,599.055431270196,320
1861.79468058663,407.655978125777,280
1859.30897340293,1762.36639323888,320
1921.45165299528,628.883917474521,320
1931.39448173005,430.027342779021,320
1978.62291822023,1906.53740989311,340
2055.67984091474,999.254287844892,280
2122.79393487447,971.911508824261,320
2177.47949291573,2083.02261993537,320
2187.42232165051,1444.19587372608,320
2194.87944320159,402.684563758389,320
2234.65075814069,710.912254536416,280
2237.13646532438,956.997265722098,320
114.342530449913,1277.65349241859,340
156.599552572707,830.226199353716,320
183.942331593338,1312.45339299031,340
178.970917225951,832.71190653741,340
216.256524981357,1794.6805866269,320
310.71339796172,561.76982351479,320
410.141685309471,400.198856574696,340
412.627392493164,1812.08053691275,320
517.027094208302,534.427044494159,340
531.941337310465,2172.50807854835,340
638.826746209297,1135.96818294805,320
964.454387273179,1061.39696743724,340
959.482972905792,1245.33929903057,320
971.911508824261,2363.90753169277,340
969.425801640567,1227.93934874472,320
976.882923191648,1247.82500621427,320
994.282873477504,360.427541635595,340
1006.71140939597,2396.22172508079,340
1009.19711657967,208.799403430276,340
1270.19637086751,2291.82202336565,320
1364.65324384787,509.569972657221,320
1533.68133233905,2008.45140442456,300
1556.05269699229,2140.19388516033,340
1590.85259756401,521.99850857569,340
1744.96644295302,211.28511061397,340
1759.88068605518,201.342281879195,300
1764.85210042257,191.39945314442,360
1876.70892368879,1297.53914988814,340
2075.56549838429,2130.25105642555,320
2254.53641561024,1690.28088491176,340
2306.73626646781,1913.9945314442,320
2336.56475267214,1016.65423813075,360
2391.2503107134,1742.48073576933,340
2398.70743226448,1133.48247576436,320
96.9425801640567,1140.93959731544,340
109.371116082525,1496.39572458364,360
141.685309470544,837.683320904797,340
233.656475267214,1662.93810589113,340
248.570718369376,1409.39597315436,360
529.455630126771,1270.19637086751,360
691.026597066866,1715.13795674869,360
715.883668903803,365.398956002983,340
922.197365150385,1198.11086254039,360
934.625901068854,164.056674123788,360
947.054436987323,2087.99403430276,360
1026.59706686552,613.969674372359,380
1068.85408898832,231.17076808352,360
1073.8255033557,2242.10787969177,360
1081.28262490679,2107.87969177231,340
1083.76833209048,1782.25205070843,360
1116.0825254785,382.798906288839,340
1247.82500621427,1707.68083519761,320
1255.28212776535,1767.33780760626,380
1260.25354213274,1715.13795674869,360
1285.11061396967,1255.28212776535,360
1300.02485707184,19.8856574695501,360
1483.96718866518,34.7999005717127,360
1531.19562515536,1633.1096196868,340
1570.96694009446,1389.51031568481,340
1583.39547601293,1401.93885160328,340
1605.76684066617,2135.22247079294,360
1901.56599552573,1173.25379070346,340
1958.73726075068,1406.91026597067,340
1986.08003977131,464.827243350733,360
1996.02286850609,2204.82227193637,340
2013.42281879195,2199.85085756898,340
2038.27989062888,952.02585135471,360
2331.59333830475,728.312204822272,360
2423.56450410142,929.654486701467,360
82.0283370618941,1506.33855331842,360
144.171016654238,1101.16828237634,360
151.628138205319,1091.22545364156,380
233.656475267214,1466.56723837932,380
273.427790206314,1590.85259756401,360
584.141188168034,1026.59706686552,380
678.598061148397,1722.59507829978,360
812.82624906786,1240.36788466319,380
874.968928660204,121.799652000994,380
979.368630375342,1861.79468058663,380
1001.73999502859,1871.7375093214,380
1108.62540392742,2351.4789957743,380
1203.08227690778,795.426298782004,380
1232.91076311211,1717.62366393239,360
1300.02485707184,2214.76510067114,380
1347.25329356202,2421.07879691772,360
1409.39597315436,44.7427293064877,360
1456.62440964454,658.712403678847,380
1471.53865274671,2140.19388516033,360
1488.93860303256,805.369127516779,380
1558.53840417599,241.113596818295,400
1578.42406164554,1128.51106139697,360
1628.13820531941,1541.13845389013,380
1692.76659209545,2157.59383544618,380
1836.93760874969,1851.85185185185,380
1968.68008948546,338.056176982351,380
1973.65150385285,283.370618941089,360
2033.3084762615,1053.93984588615,360
2160.07954262988,2028.33706189411,360
2304.25055928412,835.197613721104,380
305.741983594333,924.683072334079,420
427.541635595327,549.341287596321,400
666.169525229928,1061.39696743724,380
718.369376087497,2018.39423315933,380
728.312204822272,904.797414864529,400
725.826497638578,1446.68158090977,380
837.683320904797,1909.02311707681,380
909.768829231916,290.82774049217,400
947.054436987323,1981.10862540393,400
971.911508824261,422.570221227939,380
1026.59706686552,1851.85185185185,400
1143.42530449913,700.969425801641,400
1213.02510564256,1195.6251553567,420
1225.45364156102,1227.93934874472,400
1245.33929903057,1707.68083519761,360
1252.79642058166,1280.13919960229,360
1265.22495650012,1292.56773552076,400
1275.1677852349,238.627889634601,380
1342.28187919463,1953.7658463833,400
1421.82450907283,2048.22271936366,380
1426.79592344022,2035.79418344519,380
1585.88118319662,1203.08227690778,420
1640.56674123788,2030.8227690778,380
1730.05219985086,1744.96644295302,400
1744.96644295302,283.370618941089,400
1764.85210042257,599.055431270196,400
1829.48048719861,623.912503107134,400
1849.36614466816,1553.5669898086,400
1968.68008948546,347.999005717127,360
2000.99428287348,1802.13770817798,400
2040.76559781258,1744.96644295302,400
2075.56549838429,2085.50832711907,400
2162.56524981357,551.826994780015,400
2204.82227193637,979.368630375342,380
2217.25080785483,1312.45339299031,380
2291.82202336565,1329.85334327616,380
114.342530449913,1280.13919960229,380
129.256773552076,1426.79592344022,420
343.027591349739,695.998011434253,400
367.884663186677,1836.93760874969,440
524.484215759384,1150.88242605021,400
564.255530698484,773.05493412876,400
576.684066616953,1382.05319413373,400
608.998260004971,1727.56649266716,420
671.140939597315,2120.30822769078,420
733.283619189659,494.655729555058,420
817.797663435247,1225.45364156102,380
879.940343027591,2244.59358687547,420
996.768580661198,1829.48048719861,380
1011.68282376336,2209.79368630375,420
1006.71140939597,1797.16629381059,420
1043.99701715138,1130.99676858066,420
1140.93959731544,686.055182699478,400
1160.82525478499,1391.99602286851,420
1217.99652000994,1399.45314441959,420
1217.99652000994,2249.56500124285,440
1245.33929903057,735.769326373353,400
1255.28212776535,1297.53914988814,380
1260.25354213274,795.426298782004,420
1280.13919960229,1282.62490678598,400
1290.08202833706,385.284613472533,400
1312.45339299031,355.456127268208,420
1322.39622172508,1561.02411135968,440
1344.76758637832,594.084016902809,400
1389.51031568481,1744.96644295302,380
1396.96743723589,1749.93785732041,420
1401.93885160328,1232.91076311211,420
1444.19587372608,874.968928660204,420
1471.53865274671,2304.25055928412,420
1476.51006711409,2311.7076808352,380
1486.45289584887,2316.67909520259,420
1486.45289584887,596.569724086503,380
1541.13845389013,1600.79542629878,420
1548.59557544121,2050.70842654735,400
1635.59532687049,1598.30971911509,420
1633.1096196868,1265.22495650012,440
1700.22371364653,1546.10986825752,420
1948.79443201591,502.11285110614,420
2085.50832711907,1809.59482972906,460
2097.93686303753,569.226945065871,420
236.142182450907,1456.62440964454,440
325.627641063883,1593.3383047477,440
372.856077554064,1337.31046482724,420
584.141188168034,449.913000248571,460
648.769574944072,1006.71140939597,420
695.998011434253,1469.05294556301,440
740.740740740741,484.712900820283,420
785.483470047228,270.94208302262,460
969.425801640567,134.228187919463,420
969.425801640567,99.4282873477504,400
1262.73924931643,1282.62490678598,400
1275.1677852349,1762.36639323888,400
1290.08202833706,1434.2530449913,440
1307.48197862292,106.885408898832,420
1312.45339299031,2212.27939348745,400
1322.39622172508,193.885160328113,440
1339.79617201094,464.827243350733,460
1421.82450907283,2065.62266964952,460
1419.33880188914,1088.73974645787,440
1424.31021625653,720.855083271191,440
1488.93860303256,596.569724086503,420
1583.39547601293,1573.45264727815,440
1593.3383047477,1227.93934874472,460
1603.28113348248,1155.8538404176,460
1667.90952025851,787.969177230922,440
1971.16579666915,1406.91026597067,400
2055.67984091474,894.854586129754,440
2065.62266964952,840.169028088491,400
2090.47974148645,2075.56549838429,400
2165.05095699727,2033.3084762615,400
2174.99378573204,2020.87994034303,420
2209.79368630375,969.425801640567,400
2209.79368630375,979.368630375342,440
2299.27914491673,1319.91051454139,400
2346.50758140691,1014.16853094705,400
270.94208302262,807.854834700472,440
380.313199105145,661.19811086254,460
504.598558289833,922.197365150385,460
514.541387024609,932.14019388516,480
579.169773800646,462.34153616704,460
636.341039025603,899.826000497141,480
653.740989311459,1280.13919960229,480
663.683818046234,822.769077802635,460
745.712155108128,805.369127516779,460
778.026348496147,517.027094208302,460
778.026348496147,1792.1948794432,500
902.311707680835,1431.76733780761,480
1165.79666915237,725.826497638578,460
1185.68232662192,2212.27939348745,460
1387.02460850112,1297.53914988814,460
1491.42431021626,1359.68182948049,460
1590.85259756401,1911.5088242605,460
1605.76684066617,1921.45165299528,440
1623.16679095203,273.427790206314,460
1635.59532687049,263.484961471539,440
1670.39522744221,1399.45314441959,460
1794.6805866269,902.311707680835,480
1802.13770817798,1968.68008948546,520
2060.65125528213,840.169028088491,440
2087.99403430276,1235.3964702958,440
2097.93686303753,1640.56674123788,460
2234.65075814069,778.026348496147,460
2234.65075814069,862.540392741735,460
524.484215759384,1150.88242605021,440
628.883917474521,420.084514044246,480
673.626646781009,1128.51106139697,480
720.855083271191,1071.33979617201,460
725.826497638578,1053.93984588615,460
765.597812577678,1988.56574695501,480
1004.22570221228,221.227939348745,480
1188.16803380562,2065.62266964952,460
1347.25329356202,1446.68158090977,500
1506.33855331842,894.854586129754,480
1603.28113348248,1170.76808351976,440
1605.76684066617,1904.05170270942,440
1762.36639323888,802.883420333085,480
1856.82326621924,1135.96818294805,480
2105.39398458862,1690.28088491176,460
2187.42232165051,857.568978374347,480
2197.36515038528,1267.71066368382,480
253.542132736764,1240.36788466319,480
390.25602783992,1685.30947054437,500
402.684563758389,1749.93785732041,500
489.684315187671,1869.25180213771,520
531.941337310465,1093.71116082525,480
623.912503107134,1116.0825254785,500
733.283619189659,1066.36838180462,460
785.483470047228,1782.25205070843,460
1001.73999502859,512.055679840915,500
1459.11011682824,338.056176982351,500
1568.48123291076,1503.85284613473,520
1672.8809346259,1705.19512801392,500
1725.08078548347,1466.56723837932,500
1730.05219985086,362.913248819289,520
1739.99502858563,2155.10812826249,500
1884.16604523987,1824.50907283122,520
2073.0797912006,618.941088739746,500
330.59905543127,1143.42530449913,520
412.627392493164,1459.11011682824,520
474.770072085508,763.112105393985,520
648.769574944072,1904.05170270942,480
648.769574944072,1921.45165299528,480
661.19811086254,1737.50932140194,520
666.169525229928,939.597315436242,520
753.16927665921,546.855580412627,500
984.340044742729,604.026845637584,520
1143.42530449913,526.969922943077,480
1210.53939845886,268.456375838926,540
1300.02485707184,1518.76708923689,520
1394.4817300522,2137.70817797663,560
1411.88168033806,1792.1948794432,540
1416.85309470544,330.59905543127,520
1459.11011682824,325.627641063883,500
1538.65274670644,1705.19512801392,500
1625.65249813572,830.226199353716,520
1648.02386278896,1230.42505592841,500
1752.4235645041,2043.25130499627,520
1802.13770817798,1966.19438230176,480
1879.19463087248,1486.45289584887,540
2048.22271936366,1697.73800646284,520
2055.67984091474,1011.68282376336,520
2090.47974148645,932.14019388516,480
2090.47974148645,947.054436987323,480
2214.76510067114,1138.45389013174,540
2229.6793437733,1511.30996768581,520
432.513049962714,1483.96718866518,560
656.226696495153,1913.9945314442,500
740.740740740741,1986.08003977131,540
738.255033557047,792.94059159831,540
755.654983842903,1909.02311707681,520
797.912005965697,1128.51106139697,540
807.854834700472,1747.45215013671,540
907.283122048223,1797.16629381059,540
934.625901068854,380.313199105145,540
981.854337559036,1879.19463087248,540
1026.59706686552,586.626895351728,500
1158.33954760129,1367.13895103157,540
1225.45364156102,1705.19512801392,540
1237.88217747949,2102.90827740492,560
1317.42480735769,1628.13820531941,540
1662.93810589113,2028.33706189411,540
1762.36639323888,922.197365150385,560
1894.10887397465,723.340790454884,560
1923.93736017897,618.941088739746,540
1931.39448173005,855.083271190654,540
2023.36564752672,1367.13895103157,560
2112.8511061397,1163.31096196868,500
246.085011185682,1240.36788466319,520
385.284613472533,1133.48247576436,540
434.998757146408,1170.76808351976,580
531.941337310465,1098.68257519264,520
604.026845637584,725.826497638578,560
695.998011434253,939.597315436242,560
740.740740740741,1575.93835446184,560
830.226199353716,1662.93810589113,520
845.140442455879,1657.96669152374,600
884.911757394979,1757.39497887149,580
1024.11135968183,589.112602535421,560
1096.19686800895,1230.42505592841,560
1143.42530449913,524.484215759384,540
1190.65374098931,2065.62266964952,520
1290.08202833706,330.59905543127,560
1414.36738752175,395.227442207308,580
1469.05294556301,549.341287596321,580
1518.76708923689,599.055431270196,560
1558.53840417599,2068.10837683321,560
1615.70966940094,842.654735272185,520
1702.70942083023,1563.50981854338,560
1849.36614466816,1126.02535421327,520
1879.19463087248,974.397216007954,580
1978.62291822023,718.369376087497,580
2045.73701217997,1123.53964702958,580
2130.25105642555,1521.25279642058,580
2204.82227193637,1138.45389013174,520
420.084514044246,1270.19637086751,580
534.427044494159,1138.45389013174,600
534.427044494159,1091.22545364156,540
539.398458861546,1093.71116082525,540
631.369624658215,415.113099676858,540
636.341039025603,653.740989311459,580
638.826746209297,676.112353964703,580
668.655232413622,1421.82450907283,600
713.397961720109,601.54113845389,580
710.912254536416,1217.99652000994,600
733.283619189659,1508.82426050211,620
753.16927665921,546.855580412627,540
877.454635843898,1538.65274670644,600
1043.99701715138,1598.30971911509,600
1170.76808351976,1404.42455878698,560
1456.62440964454,1247.82500621427,560
1620.68108376833,840.169028088491,560
1772.30922197365,641.31245339299,560
1869.25180213771,1441.71016654238,560
1881.68033805618,621.42679592344,600
2112.8511061397,1158.33954760129,560
718.369376087497,1633.1096196868,600
768.083519761372,1583.39547601293,620
1021.62565249814,1342.28187919463,560
1043.99701715138,631.369624658215,620
1036.5398956003,636.341039025603,560
1071.33979617201,902.311707680835,600
1108.62540392742,2023.36564752672,620
1237.88217747949,894.854586129754,580
1367.13895103157,489.684315187671,600
1377.08177976634,1814.56624409645,600
1464.08153119563,1439.22445935869,600
1474.0243599304,1061.39696743724,600
1498.88143176734,912.25453641561,620
1531.19562515536,1106.13969674372,620
1538.65274670644,1978.62291822023,600
1546.10986825752,1556.05269699229,600
1652.99527715635,773.05493412876,620
1648.02386278896,2023.36564752672,600
1720.10937111608,608.998260004971,620
2097.93686303753,1466.56723837932,600
534.427044494159,1307.48197862292,620
671.140939597315,792.94059159831,620
924.683072334079,1735.02361421825,640
1078.79691772309,444.941585881183,620
1183.19661943823,1866.76609495401,620
1287.59632115337,1155.8538404176,620
1332.33905045986,576.684066616953,620
1352.22470792941,1814.56624409645,640
1451.65299527716,855.083271190654,680
1874.2232165051,613.969674372359,580
1879.19463087248,1831.9661943823,580
1894.10887397465,785.483470047228,620
599.055431270196,1444.19587372608,660
626.398210290828,1317.42480735769,660
700.969425801641,845.140442455879,640
1041.51130996769,720.855083271191,640
1329.85334327616,1722.59507829978,640
1396.96743723589,576.684066616953,660
1419.33880188914,1906.53740989311,660
1464.08153119563,760.626398210291,620
1667.90952025851,917.225950782998,640
1700.22371364653,1011.68282376336,620
1747.45215013671,760.626398210291,640
1814.56624409645,800.397713149391,640
1817.05195128014,1680.33805617698,640
554.312701963709,1108.62540392742,620
658.712403678847,1043.99701715138,660
715.883668903803,1643.05244842158,620
869.997514292816,1496.39572458364,700
865.026099925429,1478.99577429779,620
1160.82525478499,964.454387273179,660
1367.13895103157,549.341287596321,640
1379.56748695004,1123.53964702958,640
1523.73850360428,1342.28187919463,620
1655.48098434004,952.02585135471,640
1662.93810589113,2025.85135471042,620
1677.85234899329,939.597315436242,700
1675.36664180959,947.054436987323,620
1913.9945314442,1553.5669898086,660
810.340541884166,1436.73875217499,720
996.768580661198,1730.05219985086,700
1173.25379070346,981.854337559036,720
1295.05344270445,1295.05344270445,680
1369.62465821526,594.084016902809,640
1394.4817300522,1739.99502858563,660
1411.88168033806,606.512552821278,640
1419.33880188914,760.626398210291,680
1454.13870246085,653.740989311459,700
1526.22421078797,700.969425801641,720
1595.82401193139,1518.76708923689,660
1645.53815560527,1772.30922197365,700
1660.45239870743,1143.42530449913,660
869.997514292816,1630.62391250311,720
927.168779517773,1190.65374098931,660
1061.39696743724,969.425801640567,700
1160.82525478499,976.882923191648,660
1287.59632115337,740.740740740741,660
1416.85309470544,1359.68182948049,660
1469.05294556301,758.140691026597,660
1623.16679095203,1081.28262490679,720
1633.1096196868,1078.79691772309,660
1633.1096196868,1088.73974645787,660
1643.05244842158,1086.25403927417,660
1707.68083519761,1548.59557544121,740
1712.652249565,1541.13845389013,660
1722.59507829978,1628.13820531941,660
934.625901068854,1183.19661943823,720
1056.42555306985,1178.22520507084,720
1056.42555306985,1240.36788466319,740
1277.65349241859,1429.28163062391,740
1282.62490678598,738.255033557047,740
1277.65349241859,1145.91101168282,680
1322.39622172508,1720.10937111608,680
1324.88192890877,576.684066616953,680
1367.13895103157,594.084016902809,720
1364.65324384787,549.341287596321,720
1387.02460850112,1744.96644295302,700
1406.91026597067,608.998260004971,700
1411.88168033806,1354.7104151131,740
1523.73850360428,1347.25329356202,700
1590.85259756401,1518.76708923689,720
1643.05244842158,1588.36689038031,740
1648.02386278896,952.02585135471,700
1645.53815560527,773.05493412876,680
1650.50956997266,1140.93959731544,700
1692.76659209545,1009.19711657967,700
1739.99502858563,760.626398210291,700
1754.9092716878,1342.28187919463,720
1063.88267462093,1260.25354213274,700
1071.33979617201,1257.76783494904,700
1121.05393984589,1153.36813323391,740
1188.16803380562,1267.71066368382,740
1247.82500621427,1322.39622172508,740
1354.7104151131,738.255033557047,740
1461.59582401193,1091.22545364156,760
1543.62416107383,1178.22520507084,740
1565.99552572707,1247.82500621427,760
1590.85259756401,1625.65249813572,740
1722.59507829978,1628.13820531941,720
608.998260004971,1439.22445935869,720
1424.31021625653,1909.02311707681,720
1660.45239870743,1138.45389013174,720
1372.11036539896,974.397216007954,740
1066.36838180462,974.397216007954,760
785.483470047228,2480.73576932637,780
1295.05344270445,735.769326373353,780
1372.11036539896,979.368630375342,780
1374.59607258265,974.397216007954,780
1672.8809346259,947.054436987323,780
1687.79517772806,942.083022619935,780
